100 100 100
20 78 -2.0
45 63 -4.3
1 43 -1.0
78 49 -4.0
20 8 -4.4
31 76 -4.1
24 35 -1.6
71 49 4.3
58 7 -0.2
15 13 -1.6
99 25 -2.1
42 88 -5.0
77 9 3.1
47 29 3.9
49 24 -1.9
60 42 5.0
7 65 1.0
80 5 -3.0
14 2 -3.9
49 85 2.0
91 87 -0.9
24 86 4.0
10 71 -4.4
90 18 2.0
76 57 -2.8
69 97 -2.0
79 10 4.0
61 24 5.0
48 0 -3.0
25 35 0.5
46 31 -3.0
82 98 2.0
85 77 -4.2
15 41 2.4
70 67 4.0
50 42 -1.6
55 21 0.4
79 3 2.0
19 56 -5.0
45 67 -3.0
63 60 -4.0
66 88 4.8
16 5 1.3
64 21 -0.1
19 64 -4.2
59 43 4.6
62 42 0.8
38 14 -2.0
59 99 -1.0
67 1 -1.0
38 9 -5.0
8 87 1.0
89 71 2.6
78 75 -4.2
0 38 1.5
73 80 4.0
57 20 4.0
9 97 1.0
24 44 -5.0
49 81 2.6
34 57 1.0
34 26 3.0
68 9 1.6
52 27 -1.0
91 33 -2.0
96 40 0.2
57 5 3.0
37 65 -3.3
28 49 2.1
99 80 -4.0
9 49 5.0
36 85 -4.0
49 22 0.7
96 3 -2.1
13 29 -2.7
2 62 -3.6
94 53 -2.3
24 13 4.6
23 48 3.7
1 67 3.0
67 46 5.0
67 92 -0.0
72 78 -1.0
10 43 4.0
18 60 1.0
46 52 -3.0
48 15 2.2
63 85 1.0
90 42 -0.0
21 80 3.2
74 74 5.0
36 67 3.0
22 58 -4.8
72 29 -2.5
38 31 3.0
48 88 -3.0
54 40 1.0
5 71 -0.6
3 20 -3.6
11 48 -1.0
