2000 2000 4000
1382 1086 -1.6
1245 1805 -3.0
1010 830 -4.9
38 1052 5.0
595 811 2.2
541 274 1.9
549 1365 -5.0
1255 135 -1.0
1607 841 -2.0
1211 1736 -0.6
1241 1369 -4.5
1300 965 4.6
949 425 3.9
300 1871 3.0
577 332 1.0
1834 1743 -0.0
1873 363 3.0
45 92 3.0
216 1924 -2.0
1454 450 4.4
752 765 -1.0
676 1706 -2.9
1464 1845 -3.0
1956 1994 3.3
624 800 3.7
156 889 -0.5
818 1030 -1.6
1939 18 -3.6
917 1627 0.0
432 1884 5.0
815 1045 -2.0
576 599 4.0
574 1006 -2.7
1951 1816 -3.0
38 1409 -1.4
1616 1655 1.0
1398 494 4.0
988 1199 1.0
1820 795 -1.7
1937 906 -1.0
84 1863 1.0
969 1860 3.0
558 1193 -3.0
702 1274 3.7
639 1793 1.0
568 1223 3.3
1420 938 1.0
1620 290 1.0
1070 303 -3.8
114 1482 0.8
250 1350 -2.0
247 318 2.0
615 167 1.1
1540 1908 3.1
35 1413 -0.9
1909 453 5.0
344 976 3.8
1648 774 -4.0
1649 1289 -0.5
1562 175 -4.0
113 1445 -1.2
289 1653 -4.5
549 1852 3.0
1141 1909 -0.7
663 1151 3.5
123 377 3.9
1505 171 -4.0
292 1667 -4.8
733 386 4.2
592 413 1.5
30 931 -2.3
1564 334 -0.1
1681 568 2.0
1966 1196 4.0
619 332 4.0
717 64 -1.5
1022 354 0.0
1240 1646 -2.0
1391 1781 -4.1
227 186 0.0
6 999 -2.5
1043 1117 5.0
342 264 -4.0
193 562 3.5
1894 1229 -3.6
1933 1935 -4.0
1463 109 -1.8
1828 981 -1.4
1530 979 3.7
1364 15 -1.0
236 889 2.8
422 1274 4.0
898 1206 0.8
1017 1079 3.0
184 1061 -2.0
1695 129 4.0
507 1746 0.0
157 604 -1.0
855 144 2.0
1444 977 -4.4
1375 1363 -2.7
1123 1674 2.1
1812 1327 1.6
1539 1134 -3.0
404 279 -1.0
523 1977 -1.4
1751 214 0.0
1515 1652 -2.0
351 1452 -1.9
1839 1570 3.1
646 1504 -1.6
413 1852 -1.0
1578 1959 -4.0
270 1505 -0.8
1867 1429 -0.0
1364 1211 1.0
158 1740 -0.0
1031 1057 2.4
588 1685 1.0
241 1508 -2.3
107 1442 2.0
178 1448 -0.0
1250 784 -2.2
1300 161 -0.1
905 1380 2.0
1647 582 -4.0
193 78 -1.0
7 1657 -0.0
1686 1496 -3.0
715 364 1.2
118 1307 -2.0
1544 1961 4.0
1960 759 3.0
585 1541 4.0
1072 1010 -3.0
1023 506 -4.0
536 1523 -1.0
1821 1589 1.0
1593 1914 -4.0
262 615 -2.0
1261 1821 3.9
862 1433 3.0
51 469 3.0
1564 1009 4.0
1349 1567 0.2
917 456 -1.0
1542 37 0.8
536 1766 -1.0
309 1811 0.0
562 1 -3.0
287 88 3.9
193 1990 -4.0
1392 1114 -1.0
258 1661 4.0
1620 1894 -1.0
1759 717 1.3
724 1938 -0.1
108 1587 5.0
626 1683 -1.2
191 1262 -0.0
1897 886 -3.7
957 756 4.7
698 1755 2.0
1665 721 1.0
830 1682 -4.8
1829 726 1.2
1570 800 5.0
1465 1586 -0.0
18 182 4.6
669 339 4.0
578 665 3.3
145 1209 -4.2
294 848 -0.0
163 728 -3.7
536 629 2.0
420 1975 0.3
1832 1606 3.3
1210 1616 -2.0
230 1754 -2.1
1685 662 -5.0
522 750 -3.3
1410 1978 -0.4
745 1355 1.0
848 778 -4.0
1152 1715 -1.0
1199 1087 3.0
965 1096 -4.0
686 586 -5.0
1594 378 2.8
1430 1182 5.0
1426 285 -1.0
1841 264 1.0
1463 137 -1.0
1812 367 1.0
1571 504 2.0
1967 1747 3.0
597 915 -0.0
1070 209 -1.6
1721 1983 -4.0
1693 1943 3.7
1948 1994 -3.2
1117 1459 4.7
633 400 4.8
1485 1819 3.0
395 1935 -2.4
1120 582 -2.0
987 1418 -2.2
610 1239 -2.0
1140 1334 4.0
770 1337 -3.0
1014 1547 2.0
1646 960 -5.0
42 794 -2.0
747 550 4.6
837 1467 -1.0
1558 47 -1.0
1945 1272 -4.3
1498 1360 -3.9
1322 470 3.0
1925 939 4.0
487 1525 -2.0
772 1623 5.0
30 1384 0.0
390 44 -3.5
1867 247 -2.0
1158 1486 -3.0
1855 889 1.0
938 1326 1.0
391 1725 2.0
306 516 -0.0
1348 1830 4.0
815 1044 4.0
1028 1863 -4.8
401 1781 -3.7
1116 45 3.0
1445 1085 -2.5
1390 396 -2.3
1302 281 -1.7
258 1852 -1.0
1557 451 1.1
858 859 0.1
734 1898 -4.5
628 892 -1.0
1455 332 3.0
82 683 1.7
831 41 -2.0
865 1189 -1.0
263 1945 -3.8
1500 1049 -1.4
1799 232 2.0
215 81 0.2
600 750 -4.4
1969 1775 -2.9
249 86 -0.5
1961 1127 3.3
903 122 4.0
1812 56 2.9
1297 1467 -4.0
1270 170 -1.0
1826 953 2.0
1878 1262 -3.0
386 922 -0.6
1845 1040 1.0
1639 586 1.0
1264 1379 -1.0
1444 1095 -2.0
1611 1973 0.0
1487 1564 3.9
641 740 3.0
1324 619 -3.0
1821 798 1.4
514 1926 -0.0
133 745 3.1
1016 419 -2.7
952 660 0.3
1407 50 -1.0
1694 217 -2.3
750 327 -4.7
1495 1435 2.0
1676 707 -2.0
270 670 -0.0
799 1499 3.1
938 624 0.1
877 1333 2.2
896 1155 -4.0
1105 797 -2.2
1841 345 -1.0
1206 117 -3.7
482 1082 3.0
1549 224 0.0
221 973 -1.0
1453 1380 4.7
26 1458 -4.0
1122 22 1.8
1335 717 4.0
1726 1905 0.4
1270 764 2.1
1753 49 -0.0
1439 1355 3.0
793 1486 0.0
1374 155 -3.8
1839 1617 -2.0
458 626 -2.0
136 41 0.5
921 1048 -5.0
1899 158 -2.0
1408 298 1.0
589 1448 3.0
1166 1082 4.0
1201 203 1.0
1450 32 -4.0
1326 625 2.0
1855 142 -0.1
1250 1957 4.0
1316 925 2.0
924 1024 -1.0
1631 791 4.0
1004 1398 3.2
1414 977 -0.2
168 1615 2.0
618 642 -4.0
775 543 0.4
700 1083 1.3
1708 12 5.0
1332 1231 -2.9
188 196 -2.0
128 1959 -2.9
770 819 4.1
1503 109 -3.0
1481 1802 1.6
681 1842 4.3
195 716 3.0
1309 577 -1.0
1199 1340 3.1
1519 1896 5.0
1852 1688 3.0
921 1041 -3.0
974 1771 3.8
1188 353 -2.0
705 1633 -5.0
1777 1619 3.8
818 1878 -3.0
499 1391 1.0
829 817 0.5
1009 719 -1.2
780 1794 -2.0
1239 989 -3.6
966 1548 -0.8
1533 833 -4.0
447 281 -5.0
843 490 -1.5
6 1883 -2.2
1279 94 -4.0
1119 1393 3.0
1390 1925 -5.0
564 1960 4.6
390 768 2.4
843 901 2.5
574 1201 3.0
1165 1052 -4.4
1404 1494 -3.1
1260 1040 1.0
1123 1889 -2.0
1143 1448 2.8
353 786 -3.7
877 863 -0.3
684 1992 -4.3
1756 1512 -4.8
254 1020 -4.0
1936 1339 1.0
1654 678 0.1
1031 1452 0.0
195 1386 -5.0
613 967 -2.1
1214 999 0.0
1060 102 -2.0
1990 610 -0.0
1392 704 -1.5
664 1844 -2.6
1543 1847 -5.0
1830 357 3.0
1374 611 3.0
1099 686 1.0
193 277 -1.4
7 1032 -1.0
1249 1459 1.0
904 177 -1.0
637 363 -3.0
1487 1726 -1.9
330 334 -1.3
1343 227 2.8
447 1746 -3.0
1241 1304 -2.0
1961 351 4.0
811 825 3.0
16 475 5.0
33 466 1.0
1892 912 -2.0
1892 998 3.5
359 136 3.0
539 1741 -4.0
407 242 0.0
394 1531 -4.4
166 723 0.9
1020 1062 4.0
1692 882 -3.0
1891 145 1.0
18 1532 5.0
321 767 2.0
1825 926 -4.0
46 229 2.0
1823 657 -2.7
657 1266 1.0
1062 214 1.0
910 1494 -3.0
222 1407 4.1
1040 721 -1.0
106 1341 -2.0
1421 1281 -1.2
366 1779 -4.1
1604 1781 0.1
137 719 4.0
1791 1027 0.0
1626 956 -0.0
931 1286 -1.0
1251 915 3.3
721 1601 4.6
65 1273 2.0
1383 1027 -4.3
599 20 2.0
847 427 3.1
869 773 -5.0
1499 1351 -3.0
1892 1456 3.0
476 1921 -1.0
1107 1662 -1.0
350 1548 -1.8
245 1278 5.0
1582 82 3.6
1415 37 4.0
834 878 0.3
1364 762 2.0
1955 384 -3.0
746 1380 0.0
1469 646 3.3
453 1934 1.0
1640 1035 3.2
612 1861 2.7
255 1567 0.0
716 1174 0.7
425 664 -2.0
1985 1479 -0.7
657 327 2.7
1861 1416 1.0
1537 1142 1.0
359 672 -1.5
1994 745 -1.5
1756 171 -4.0
1132 917 1.0
679 149 2.0
1394 1716 4.2
257 1333 -3.0
1308 608 2.0
1047 1761 -3.0
1978 1863 4.0
1604 108 4.5
780 930 4.0
1213 95 -2.0
1852 354 2.0
277 1694 1.4
1568 1306 -2.0
984 1226 -1.9
1959 1595 3.0
1121 459 -2.0
219 969 4.1
1797 493 0.0
1415 49 3.3
1218 954 2.0
1675 1860 -0.5
1195 116 -1.0
387 236 4.0
1807 542 4.2
556 1578 -2.0
1285 114 2.9
734 1120 3.2
699 1592 -2.3
336 497 -0.0
405 1631 3.0
422 1774 -0.2
815 1915 -3.0
5 710 -4.8
63 1576 -3.1
849 27 5.0
1642 1569 1.9
511 1443 -4.0
542 1302 -5.0
59 1783 -0.0
69 668 1.4
548 5 -3.8
612 1680 -4.0
821 331 0.8
596 1473 -2.0
1546 1325 4.6
402 738 1.0
1733 796 -2.0
1910 1876 1.0
508 1535 -4.0
262 1833 -4.8
557 1652 -3.9
1384 788 0.6
984 1160 -2.0
356 1500 -1.0
1115 581 -4.1
810 146 1.6
1068 1874 2.0
1350 548 -1.0
991 1003 -3.4
189 1589 -3.1
973 1820 -0.0
973 1495 -1.0
1663 595 -2.0
885 1577 2.0
1804 1168 3.0
1455 9 -2.1
585 1839 4.0
1893 613 -1.9
1723 1215 0.1
1782 1683 4.4
354 1860 0.7
822 161 4.7
1609 1595 2.7
1273 1069 0.0
720 316 -2.4
821 1930 4.6
1906 436 -2.8
1992 1377 -4.3
925 724 -3.6
921 1399 -5.0
1554 1429 -1.0
98 458 3.0
1979 346 3.1
587 615 4.0
250 901 -4.0
1803 874 0.0
1585 261 2.8
104 384 0.8
393 1800 -2.8
292 820 -5.0
1657 1186 -2.4
1647 518 5.0
1991 855 0.0
1 1856 4.0
986 948 -3.0
1235 1019 -2.0
1168 39 -2.0
16 1721 1.0
1986 239 3.4
1828 262 -5.0
1803 1200 -3.5
742 345 -5.0
1197 822 3.9
835 952 5.0
1160 376 3.4
900 1029 -4.0
622 563 -3.6
1538 1084 0.9
317 1592 4.0
349 1856 2.0
1995 156 -4.2
1449 743 -2.4
1359 227 1.9
921 598 1.0
1187 1705 2.9
355 1905 -1.8
1693 1868 3.0
1577 1681 1.0
513 917 -4.9
1770 269 0.1
1332 667 1.0
1784 582 -2.4
1736 754 -2.8
1322 1765 0.2
638 178 -3.0
1139 1018 -2.0
1851 1434 3.0
922 1943 4.0
8 720 -4.6
597 1531 -0.0
1976 1516 2.0
1197 1838 2.0
469 967 -1.6
1731 1139 -3.0
401 285 2.9
682 1877 4.4
1911 413 0.7
1479 933 -4.1
477 713 4.0
923 414 -4.0
955 1765 -4.7
705 1614 -4.2
1725 1181 4.1
1430 1292 0.0
365 1634 5.0
1491 1309 -0.2
1466 445 -2.0
1251 83 5.0
1170 1682 2.0
1053 262 0.6
669 694 -1.0
190 1143 0.9
1306 1797 3.0
1528 951 -0.0
1822 1211 0.0
423 44 1.0
177 1510 0.4
925 66 4.0
464 48 -4.8
765 1398 0.6
460 1590 -0.7
1815 1952 4.5
894 324 -3.8
1019 847 4.9
1543 1766 -5.0
465 952 -4.0
834 1825 0.8
874 189 0.0
1067 1680 -4.8
1683 83 0.4
1282 1684 1.8
1876 1350 -1.0
873 855 -5.0
1219 355 -0.5
945 1319 3.8
968 221 -4.2
801 1952 2.0
308 752 -2.9
824 703 0.9
281 649 1.0
1240 1569 1.2
752 1175 -3.0
1758 1784 2.5
81 133 -3.9
1083 1431 3.6
1592 575 1.0
1965 217 2.9
1342 1867 -3.0
218 1609 -0.1
436 577 2.2
790 1497 -4.0
687 978 -3.7
1714 1493 3.9
173 878 -0.0
1460 1729 4.0
695 1263 -1.3
1314 1583 5.0
1126 1448 -2.0
1 1986 -0.6
1226 1582 4.0
970 517 -3.8
1771 1956 1.0
35 543 -4.5
192 1750 4.0
325 1438 -2.0
1182 935 -2.0
1784 672 -0.0
1076 246 3.8
407 1989 2.0
161 318 1.6
1518 594 1.8
1387 1094 1.5
338 639 1.0
289 1849 -2.3
1584 974 -4.2
820 169 -5.0
991 181 -3.0
956 562 0.0
833 558 2.0
1957 1650 1.0
668 132 2.0
273 1559 3.0
1490 194 -1.3
317 68 0.0
1583 184 -1.0
160 868 -3.0
719 1080 -0.0
1259 806 4.0
1043 1711 -2.1
1466 683 4.9
293 638 -2.0
1129 443 0.2
326 1222 0.6
422 1995 0.0
148 1649 4.9
1882 315 -0.9
1402 1029 0.7
942 248 1.6
428 397 2.0
940 1617 0.6
1230 1273 4.0
68 465 3.0
106 1701 2.0
124 1360 4.0
1851 1341 -3.4
566 1826 -2.3
1103 567 -2.0
1808 113 4.2
257 1543 -3.0
1917 1187 -4.5
608 1909 -4.0
1781 1627 1.0
1220 1998 1.7
1722 1075 4.4
1380 1778 -2.5
798 569 1.7
489 1087 -1.3
990 1314 -1.0
1632 346 1.9
55 938 -0.0
427 1845 -0.3
978 1047 0.1
487 449 -0.1
1976 1242 0.0
795 867 0.0
699 438 2.0
1360 495 -1.7
1850 28 1.0
739 1126 1.0
978 1672 -4.4
33 875 2.0
1241 763 2.4
564 729 -3.0
1393 1738 3.6
1929 607 1.7
37 155 -4.3
1101 1823 1.0
387 1524 -2.3
118 628 0.0
811 187 -1.0
866 1934 -2.0
837 1684 4.9
300 1450 -2.7
530 1572 -3.0
918 669 1.0
1390 1655 -5.0
1545 475 3.7
978 1838 2.8
1854 525 2.0
283 1252 0.5
229 1175 -0.2
1931 917 0.0
1298 923 0.6
443 692 -4.4
1846 1342 2.8
1146 722 4.0
1595 1818 3.0
1326 1902 -2.1
33 1034 -2.5
473 653 -3.0
1466 1458 2.0
538 1166 4.7
984 443 3.0
299 1269 1.0
215 671 5.0
1146 1777 -2.0
256 1974 -0.9
368 1282 1.8
1240 656 -2.0
921 1581 0.5
1638 832 1.4
719 573 -1.4
1634 1963 3.7
687 1026 -2.0
1521 328 2.8
1101 795 1.0
1402 402 -1.0
1545 1135 1.0
1802 1080 3.8
505 130 -5.0
1467 814 -1.6
778 771 -2.0
928 400 5.0
159 1570 3.1
1130 531 2.3
20 23 0.9
1040 1184 -4.0
1606 879 1.0
643 1233 -3.1
988 471 0.2
1848 1908 -4.0
1307 997 4.0
636 1346 -3.8
149 535 4.0
79 817 -1.6
158 549 -5.0
1203 460 -2.7
932 451 -3.1
103 1504 -1.7
1643 88 4.0
1572 470 -2.0
725 117 2.0
691 1627 -1.0
1662 923 4.6
1334 375 3.0
1179 169 3.3
1033 573 0.0
207 1214 3.0
1510 771 -3.0
1340 1128 4.4
1901 1288 -2.0
264 426 -4.0
1594 141 -2.8
117 40 -0.0
985 1020 3.5
623 111 4.4
221 206 -0.4
513 1401 -3.3
1834 236 -2.0
1402 214 1.3
1012 124 -4.9
686 860 4.0
80 389 1.0
12 1095 1.4
1170 95 -3.4
1240 510 -3.0
1467 80 1.8
1102 1274 -2.2
311 1527 -2.1
65 1185 -4.1
228 1577 0.3
1921 981 1.6
364 90 2.0
1116 1349 -0.3
1553 1783 4.6
497 1720 -1.2
1013 1564 2.0
1335 1498 5.0
747 1083 -0.0
1046 487 -1.2
937 1843 3.2
333 1187 -4.0
1748 23 -2.9
244 6 -1.0
1992 420 -4.0
1629 217 1.5
853 1812 -2.0
1964 1074 -1.0
780 1548 -4.0
1898 1065 3.1
739 1702 -3.9
615 1424 -3.0
72 1121 -3.3
228 1941 3.0
1189 1914 -4.9
901 863 3.6
211 1183 2.8
10 1281 4.3
291 1049 1.0
389 621 4.0
1767 1786 2.0
1814 1328 2.1
601 924 -1.0
1225 1149 -4.0
613 1155 -4.0
1550 529 -4.2
622 222 -1.0
888 576 2.4
786 1615 -5.0
901 950 4.0
400 1745 -1.0
824 1309 -1.6
1379 536 0.0
1612 986 0.0
1548 1811 -4.0
964 1924 -0.5
1625 1214 -2.0
1628 1830 -3.0
454 1852 -5.0
1154 1286 -1.7
88 880 -4.5
1354 1839 1.2
481 1020 4.4
1538 1748 2.0
719 34 3.0
592 606 1.9
414 223 1.2
1209 118 -1.0
1085 1862 1.0
886 1477 2.0
1732 1269 -1.0
1839 269 2.0
1600 203 -1.8
152 1698 2.3
755 1006 3.0
489 464 1.2
1501 354 1.0
688 466 1.2
1678 1444 -2.6
1048 863 -1.5
979 480 3.0
7 577 -1.0
704 1269 -0.0
900 716 3.3
9 114 -1.2
1736 1223 3.3
678 1909 4.3
1479 132 -5.0
1106 1060 -0.4
1733 1842 3.8
1156 1258 3.8
1389 1857 -0.0
1713 766 4.0
982 20 -0.0
91 885 -2.0
1637 1864 1.8
1412 1962 3.0
866 1612 3.0
342 1805 3.0
1552 513 3.8
740 528 2.0
202 1433 -2.0
821 597 -2.0
111 409 -2.0
79 1969 -1.9
727 1232 1.3
1988 1608 4.0
476 1848 4.0
1612 197 4.8
806 689 0.1
481 1537 4.0
874 1527 3.0
459 1778 -5.0
667 1434 -0.2
520 4 2.0
1798 1211 4.0
921 576 1.0
1687 973 4.0
351 1350 -1.9
1724 716 -2.2
823 971 -2.7
24 98 -2.0
296 1481 0.0
1618 1907 -3.8
633 904 2.9
1400 868 -4.0
296 414 -5.0
314 453 -4.8
1222 1232 3.0
1362 1306 -3.0
714 548 -3.4
187 668 -1.0
504 1419 2.0
1054 1324 -1.0
1096 898 -5.0
225 157 4.3
789 602 -2.2
1843 734 2.0
27 1449 2.2
1858 11 1.0
823 1469 -0.0
303 796 2.0
1881 1780 -1.8
1651 416 -1.4
152 142 -1.0
771 229 -0.8
1694 1090 1.0
611 509 -3.1
680 1466 1.1
486 626 2.0
899 1613 -4.0
1767 976 4.6
1587 1498 -4.0
197 1718 4.0
1253 0 3.0
509 155 3.0
542 180 -2.7
281 1974 -1.0
1206 1137 0.0
866 440 3.0
1703 1599 5.0
10 332 -1.0
1932 1345 3.9
913 993 0.4
192 540 -2.0
831 931 -2.2
719 910 -0.5
415 1401 -0.0
1126 819 1.1
1470 1160 -0.3
517 293 0.0
1213 833 4.0
1069 687 1.0
540 72 4.0
1508 1787 1.7
1948 31 4.9
581 417 -4.3
1140 231 -2.0
1507 1905 4.1
1509 1527 -3.0
650 310 -1.0
1691 1933 -1.9
1487 604 -1.0
851 870 -4.3
1471 1770 4.0
1947 716 -1.0
434 708 2.5
565 279 -4.6
1452 1507 5.0
1454 1242 3.0
1536 700 -1.9
1245 112 -2.6
1377 1462 2.5
1793 1474 -0.0
1281 1283 1.0
1620 758 4.0
1792 1337 1.9
386 1299 -3.0
345 530 -1.0
828 332 -2.0
1024 1264 -1.1
1716 159 -3.0
1605 27 2.0
1069 1312 -1.0
789 1828 1.0
652 1660 -4.0
1952 1199 1.0
806 730 1.9
105 1071 3.0
1197 723 -3.6
552 24 -2.3
1361 938 0.5
1646 1426 4.0
1488 14 -5.0
1571 1790 0.9
703 1530 -0.2
618 1902 1.0
397 1230 -0.4
217 1298 -0.0
188 1729 -3.0
1508 103 -4.0
840 257 -0.1
708 1226 -1.1
1827 1998 -3.0
1984 1805 3.0
971 1274 0.0
1952 408 1.0
110 68 -0.0
1058 869 5.0
99 861 -4.0
147 724 1.9
1963 1532 1.7
820 1455 -2.0
221 1179 -4.0
1233 1372 2.0
1004 1024 -1.2
844 335 -1.5
692 727 -3.5
1593 1787 3.0
432 382 1.0
624 1493 -0.8
1937 241 3.0
1636 1967 1.8
637 893 0.0
925 820 1.4
116 1816 2.8
40 1384 0.9
1405 913 -4.8
1564 849 -2.5
957 610 -2.5
798 1566 -1.0
1242 1112 -1.0
1100 641 2.6
1909 577 -1.0
173 883 -1.8
542 1825 -1.8
1878 89 2.0
388 1688 4.7
836 1909 -2.0
47 64 -4.0
1107 615 -0.0
1460 1349 3.9
614 404 -0.7
771 839 4.0
37 28 4.0
305 395 2.3
1834 1510 -3.3
1111 1005 -4.0
577 544 5.0
639 938 -2.0
280 1406 -4.0
1447 1036 4.9
434 197 -2.0
1121 610 5.0
650 688 -0.0
1363 1663 4.1
1002 667 2.5
1673 1345 -2.0
394 180 1.0
1239 1375 1.2
131 1365 4.0
322 1895 1.9
713 1482 1.0
445 1966 4.0
1612 1928 -1.0
1072 217 2.3
1205 1340 -0.3
742 1773 -4.0
1263 1190 -3.7
1696 587 1.0
289 444 -3.2
89 1598 -1.0
235 474 -2.0
1309 1584 -2.3
636 1164 -3.0
184 832 2.0
1959 1267 5.0
1969 1422 2.9
491 533 -2.0
127 535 -4.0
206 759 -1.0
1534 626 -3.5
73 408 0.6
287 960 3.0
1751 1489 -4.7
103 262 -5.0
1179 1586 1.0
1988 714 -0.0
443 137 -2.2
159 653 3.6
1323 1724 0.1
1735 1950 3.3
473 1280 1.0
251 1780 -4.6
1301 465 1.8
1915 70 -5.0
1873 53 3.6
1271 1816 3.0
1681 983 2.0
664 876 0.4
1772 21 -2.4
356 1024 -3.1
1961 1925 -4.0
233 1424 0.6
911 1845 3.7
1154 584 -5.0
787 14 4.0
1562 810 3.0
1632 93 0.9
944 1888 -4.9
1145 1468 -1.7
1543 568 -3.8
1931 1352 -1.0
1752 217 -0.6
1250 1938 1.7
230 982 -2.2
1281 252 -3.0
1367 527 -1.9
580 1626 -1.5
1604 457 4.0
1095 24 -4.9
1356 293 -1.4
942 920 3.0
159 1743 -4.9
751 321 -3.5
94 945 -3.2
53 1898 0.8
1196 1286 0.7
1847 1712 2.4
1278 1310 -2.8
1866 1760 -4.0
1769 881 -0.8
266 406 4.0
1075 404 -3.5
1225 1088 1.0
1750 412 -1.5
141 1454 -4.5
770 384 0.7
1920 1533 3.8
576 1481 4.0
1789 308 -1.0
1110 656 3.0
1067 209 3.4
1064 1505 -2.2
819 1830 -0.4
718 1689 -4.7
539 1580 4.0
320 1010 -3.3
1983 759 -1.0
149 394 -3.0
224 1379 5.0
809 1645 -2.0
568 1944 -4.1
169 4 -5.0
1092 11 4.7
884 1650 -3.4
1111 1287 -2.0
303 377 5.0
1508 359 -3.0
948 147 2.2
1733 1921 -0.3
1904 1633 3.7
751 45 4.2
1461 1180 -0.8
673 390 -2.8
425 1627 -4.9
971 1820 -2.0
163 389 2.7
783 21 -4.3
1845 322 -3.0
250 1120 -4.0
862 972 -4.1
816 121 4.2
1357 1974 3.0
535 667 -2.0
927 1057 -0.0
1996 10 1.5
363 1305 4.0
598 771 4.4
434 1451 -4.0
1569 733 -2.0
197 984 4.1
1428 246 -2.0
341 171 -0.7
188 396 -4.0
1608 1772 4.0
187 737 -0.0
776 331 0.9
847 1294 -2.0
957 1236 4.5
498 318 -3.0
1556 434 0.0
1723 1060 2.3
822 437 3.0
740 1528 -3.0
1451 598 -1.0
28 1399 2.5
1904 1701 -2.0
1963 906 0.0
1917 1995 -3.9
1470 1544 -0.0
1509 511 -4.0
578 1040 3.2
546 1343 -3.0
1221 157 -1.0
1046 345 -2.2
1014 85 -1.9
25 225 3.5
1014 1713 0.0
1494 954 -1.0
1855 244 0.0
465 267 4.6
936 810 0.6
748 856 3.0
1776 657 -4.0
91 325 0.6
1741 1028 -2.3
270 1582 -4.0
239 926 -2.5
802 464 4.0
320 879 1.0
1531 103 3.9
1124 1335 2.0
1880 1308 -0.4
27 1343 -0.4
1828 1387 4.0
1445 1849 -1.9
990 1536 -2.0
1416 422 -4.0
1944 499 -2.0
1407 1568 2.0
1993 987 -3.0
1345 1422 5.0
249 1349 4.5
565 1688 -4.6
991 1218 -0.2
340 1662 3.0
489 999 -3.2
638 921 -1.2
574 772 -4.8
31 1733 -0.8
577 1845 -1.4
1005 1633 2.4
1589 909 3.0
1732 865 -1.0
1083 1362 1.0
1567 1925 5.0
348 232 -3.9
1472 79 2.2
1314 1565 -2.9
339 1558 -3.0
1118 1323 2.0
752 1673 -5.0
813 22 -2.1
552 1306 4.5
983 1310 3.2
141 1207 -0.4
1676 1890 4.8
783 1946 4.7
862 775 -2.2
1137 1541 0.0
388 399 1.3
517 1563 -5.0
990 656 -4.8
1354 1041 2.0
66 224 5.0
740 259 4.0
600 147 -0.9
730 268 4.7
819 1838 0.1
399 1652 -1.1
925 1665 -2.0
1165 314 3.9
1091 1368 5.0
703 185 2.9
1268 418 -0.9
22 1432 -2.0
780 370 -1.0
170 347 -4.0
454 720 4.0
1750 1950 0.0
1309 1288 -4.6
1314 1332 -1.8
969 478 3.0
1729 934 5.0
1611 436 -0.8
1047 539 -3.5
1583 220 0.6
1973 1527 -4.0
23 1498 3.9
1351 691 4.0
1967 1430 -2.0
10 1168 -2.0
1307 477 4.0
132 540 3.0
1742 1570 2.4
201 739 -2.0
1574 690 1.9
1315 898 -2.0
856 868 4.9
1661 1326 -4.0
1713 1918 -0.2
930 199 3.0
1161 144 5.0
561 297 -1.0
31 1676 4.0
1033 1397 -2.0
531 1113 -0.0
425 711 -1.9
1216 815 -1.0
1062 1512 -5.0
990 961 -0.8
289 1029 2.0
697 1008 4.4
1561 1303 4.9
602 124 -3.1
1789 1309 0.0
535 623 -5.0
1062 215 3.9
499 235 -3.0
284 935 -0.0
1291 1087 1.0
1538 1109 -4.3
1423 283 4.5
1966 1511 5.0
597 452 3.7
761 1671 -3.0
431 1163 -4.3
818 1461 -3.0
1858 1009 0.0
1500 1538 3.0
1632 1910 1.0
888 1694 -3.0
1240 740 0.6
1723 1367 -5.0
1473 176 2.1
1130 1033 -3.0
296 1577 -2.2
1128 40 3.0
893 1488 0.0
1824 160 -0.7
914 711 -4.6
514 630 -4.7
1637 1713 2.0
1795 686 -3.0
1472 1355 -3.5
594 1613 -1.4
802 168 4.4
607 990 -4.3
1489 1742 1.0
453 1317 -2.6
1924 773 4.2
684 119 -1.8
1311 1349 -2.7
1230 1638 0.8
759 292 -1.0
1230 177 1.0
1448 1918 -5.0
1368 1917 -3.0
594 979 -4.0
1424 447 0.3
39 733 3.5
449 502 1.0
1140 1772 5.0
1311 872 1.6
1095 651 -3.6
434 3 3.0
1862 1021 1.0
395 1283 -4.0
1929 359 3.5
553 576 4.0
177 256 0.5
745 1992 -1.0
420 1419 3.0
1288 185 -1.6
1587 993 1.0
454 1280 -5.0
930 312 4.0
426 1523 -0.8
1515 1030 3.1
101 749 -2.0
630 1161 -0.3
331 1699 4.0
1382 258 -1.0
1948 228 4.0
1258 845 -4.1
1259 123 4.3
654 606 5.0
1081 1828 2.0
622 368 2.6
675 1758 2.0
1756 1765 -2.0
1639 797 -2.0
970 1832 -2.1
585 1119 4.2
1518 667 3.0
347 1020 -1.0
1931 549 -3.4
1429 1191 5.0
1681 109 2.0
1523 911 -3.3
594 583 0.3
1649 897 3.0
900 1175 3.2
1993 1644 1.8
912 1241 -3.0
10 493 -1.5
1997 1000 -1.0
1543 352 4.0
198 1018 0.8
126 1300 4.1
481 146 -2.2
1358 7 3.0
1758 947 4.0
673 1435 -1.0
1497 860 1.0
212 271 -3.0
1488 1996 -3.0
217 94 1.6
432 105 2.1
809 694 0.0
1281 1462 -3.0
1539 104 -3.0
888 400 -3.9
1507 319 3.0
1323 1923 -4.0
843 1426 1.9
793 1650 -3.0
1943 1958 4.0
1259 997 -1.0
1657 1116 -0.0
1373 130 2.9
229 1715 4.0
1923 554 -4.6
1398 1522 -2.0
1121 1626 4.0
932 870 0.2
674 1616 2.0
28 800 -5.0
1256 830 0.0
1450 1423 -4.1
381 445 -4.9
1375 179 0.1
345 374 -3.0
681 1486 1.0
197 896 1.0
1121 1368 2.0
874 344 -2.6
1638 1892 3.0
818 930 -4.4
586 1201 2.3
1907 257 2.0
978 1963 1.8
1542 784 4.7
769 1550 3.0
200 1663 4.0
378 488 -3.0
848 921 2.0
720 416 -0.1
1230 759 -2.0
132 898 4.9
1650 1163 -1.0
537 1022 3.8
936 1005 -5.0
1132 173 2.6
843 23 3.7
1966 83 1.0
1739 154 -2.1
1541 685 -4.2
400 1277 1.0
579 1706 2.0
306 1861 2.0
1911 1933 -0.9
43 1487 5.0
406 1294 1.3
1592 1449 -0.6
1838 638 -2.0
503 1769 4.0
1235 272 4.0
215 264 -1.0
504 514 0.9
91 1461 3.0
1305 1931 4.0
784 1477 2.0
1141 340 1.0
300 1904 3.5
247 408 4.0
744 971 1.9
125 205 1.5
1030 1377 -4.0
1582 1031 -4.1
65 1462 0.5
1871 82 -3.0
887 44 -3.0
150 812 3.0
1868 862 -1.1
1032 1909 -4.7
1718 1407 1.0
1253 547 -2.1
1402 167 -2.0
1249 555 2.0
1435 685 -0.0
1546 740 -3.0
699 881 0.0
1723 1708 -3.0
621 1629 3.5
830 1798 1.0
1167 1454 -1.0
578 1978 -1.2
695 1968 -4.9
461 775 4.4
1477 548 3.5
1663 628 0.0
1089 1969 4.0
1552 1628 -1.0
1955 1350 -1.0
1501 1487 -0.8
1325 740 -3.0
1699 623 3.5
159 1592 2.0
1738 405 -0.7
506 1187 -0.8
818 1726 -4.0
206 1591 -2.0
712 28 -4.8
102 628 1.0
550 847 2.0
1127 1472 1.0
18 104 3.7
1926 1779 4.0
375 561 4.0
1682 347 1.9
908 30 -0.9
1957 1689 2.1
1341 762 -2.0
1744 13 -3.6
968 1213 -0.6
488 520 -0.4
684 1269 1.6
331 1208 0.7
1506 518 3.0
33 983 -4.0
1891 387 2.0
1301 645 5.0
1682 1097 1.0
1877 1171 -3.6
73 985 -1.0
1204 373 -2.7
123 293 -2.0
585 1487 3.0
719 1483 -4.2
1506 1757 -0.6
208 532 4.1
993 989 -4.0
1702 1539 3.0
1639 423 2.2
762 1718 2.1
1851 596 3.3
1631 1731 4.3
436 422 1.0
932 489 -4.2
476 46 2.1
630 725 -4.5
806 1323 2.9
650 758 -2.0
1822 544 -2.3
938 1780 1.6
1542 1641 -2.8
1245 1 1.5
1845 1883 -3.1
232 1179 -0.8
1537 350 -0.5
755 1545 -4.4
404 1646 1.0
1279 928 4.0
676 101 -0.1
1768 133 0.0
1128 1426 0.0
295 878 1.0
1954 282 -2.0
308 278 0.4
963 458 -0.0
1646 1387 -1.4
284 680 -2.5
1838 1488 -4.0
1636 1605 -4.1
1812 263 -3.5
1451 1986 -2.7
1022 1729 4.9
1462 1603 -1.0
1862 630 -2.8
141 1805 4.3
1086 1895 -4.0
1200 309 -2.0
1769 1201 -1.0
1790 1670 -4.0
1089 1950 0.0
485 1404 1.0
403 569 2.0
1753 1634 1.5
1147 680 -0.0
242 1795 2.0
1535 615 1.0
849 652 0.0
173 1799 1.0
419 451 -2.0
973 276 3.2
1620 1131 -1.2
1301 143 3.9
865 323 4.1
11 1479 4.4
811 1864 5.0
1413 671 -5.0
7 1582 -3.6
1859 717 1.0
1927 198 -1.4
478 765 4.0
1600 52 0.9
1098 625 2.5
1246 1774 5.0
1708 811 1.0
1096 597 1.0
524 1067 -4.6
25 740 -5.0
196 1679 -1.2
1277 461 -1.0
1972 849 1.4
591 1690 -4.0
666 1706 2.0
1883 1208 -4.4
933 807 -2.0
57 1753 3.1
847 1584 2.0
687 1127 -2.5
467 1271 -1.9
471 375 -2.0
353 367 -0.0
549 1081 4.9
662 531 -2.0
1717 902 -0.5
463 407 -0.3
1719 223 -4.9
1123 683 -0.0
843 879 -1.6
1049 239 5.0
1393 1121 4.0
104 520 3.5
1887 603 5.0
1858 20 -1.6
681 1214 -2.0
1778 946 2.0
883 426 -4.0
795 914 0.3
204 593 -2.0
788 480 5.0
225 24 -5.0
1234 96 -4.8
714 989 2.0
433 84 -4.2
1994 1225 -0.0
1263 426 4.0
1834 655 0.0
1790 1768 1.6
1267 1900 4.2
394 389 -4.3
742 919 4.1
350 1620 1.0
979 1106 -3.5
472 1499 -3.0
742 630 -1.4
1496 1506 -3.6
905 737 2.5
1058 325 -0.0
127 58 -1.0
691 533 -4.0
1079 1515 1.0
258 747 -2.0
1778 1390 -0.6
1907 227 -4.9
1493 223 -0.0
100 1782 2.0
212 1319 1.0
131 1994 -2.6
1471 333 -3.0
487 708 4.7
541 1000 3.0
1925 1665 -1.8
1285 1367 2.1
4 1889 -4.0
303 456 -2.1
1500 1077 -0.5
912 1807 2.4
1343 1561 -1.6
1777 902 -1.0
1004 1332 4.9
44 1630 0.4
1733 1736 0.0
603 1862 0.0
1825 24 -0.5
235 1199 4.0
1161 1400 -1.0
155 792 -3.7
607 84 -3.0
1888 1308 3.0
1766 544 -3.8
1689 1070 -0.0
348 1536 2.0
200 110 1.0
1011 1120 2.7
1809 483 -3.0
1738 1039 -0.0
654 376 4.0
1190 200 1.0
1924 624 -4.0
994 428 0.2
169 1050 4.7
185 1755 1.5
1391 743 -0.8
427 442 -1.7
1042 1192 -2.0
322 1575 4.0
381 1801 4.4
1078 244 -0.0
1809 1264 5.0
510 1206 0.2
1627 496 4.0
1880 986 0.0
1036 1442 -2.5
1710 1486 2.0
1564 1589 -3.0
402 1367 -0.9
1647 83 4.0
1705 552 1.9
381 89 -1.0
1220 1493 -4.0
1930 186 2.0
1340 1801 2.5
3 432 -3.2
195 78 -3.3
1372 1320 5.0
937 1839 -0.0
544 1758 -1.2
316 1166 -1.7
1856 113 4.0
1281 1594 -0.3
135 267 1.0
1803 1769 4.7
1958 1436 0.0
498 167 3.0
877 1100 -4.0
413 1159 4.0
1297 798 4.4
1678 1139 -3.0
781 209 2.0
1606 1891 4.0
1236 955 -3.0
654 1997 4.0
1781 1316 4.0
49 1232 -3.5
1900 474 3.0
349 1680 4.5
1647 753 -1.6
470 635 -3.0
474 1980 -1.0
977 1917 -2.0
1204 477 0.0
409 1794 3.0
1798 965 0.0
1376 26 4.6
1836 1736 -0.8
1921 1000 2.4
1056 824 -1.7
1808 1572 1.3
717 515 3.9
1307 1014 0.1
120 740 2.8
1345 714 2.0
1852 1871 -4.7
486 259 2.0
1467 1251 -0.6
612 1407 0.3
1287 316 -1.0
274 268 -3.1
128 1698 -0.9
943 1020 -1.0
1044 1416 -4.0
620 1299 5.0
1644 1697 3.0
437 40 -2.9
1265 1466 5.0
1857 771 -3.1
871 1069 -1.1
928 527 -0.2
412 817 2.0
1958 664 2.3
1842 644 -4.0
1848 1497 -1.0
1297 868 -4.0
1424 1770 3.0
1412 1199 3.8
1339 1956 1.0
1295 1520 1.0
146 1832 -1.0
220 1107 -4.8
730 916 1.1
1637 1570 0.8
1517 616 4.4
757 1438 -3.8
1484 1501 4.6
13 891 -4.8
776 620 2.8
1723 502 1.2
841 1202 -1.0
1396 363 5.0
1280 254 1.0
1128 1625 -2.0
437 1063 5.0
645 1566 3.3
1729 1753 2.2
417 1632 -4.4
1541 585 4.0
1958 1255 -3.0
1755 1488 1.0
920 136 -3.0
1559 173 -1.0
1294 9 0.1
95 1633 1.8
848 1249 4.0
821 1304 3.0
1396 102 5.0
1106 1583 -1.0
1544 232 1.7
1625 1517 -1.0
1473 22 -3.4
30 293 -3.0
626 1751 -3.0
225 1156 1.0
645 452 -2.1
1146 1703 3.4
521 616 2.8
783 702 1.0
1563 389 4.1
1085 1046 4.0
1686 957 -5.0
148 673 5.0
1948 585 -0.0
1718 210 0.0
1037 571 -3.0
763 384 -3.0
1152 1692 0.1
1638 1063 0.0
885 893 -2.6
240 1079 3.0
987 1758 -1.0
50 440 -3.0
1327 285 3.0
1195 431 3.6
1071 1848 2.0
1903 1594 -1.8
1626 382 1.0
397 1276 -4.1
1648 1819 -2.6
537 1134 -1.0
975 1637 -4.1
619 1251 -4.9
1958 919 0.9
979 1981 4.7
1202 1029 0.0
612 1761 3.9
610 1091 -5.0
30 1392 -4.0
1617 1415 -3.6
977 672 -2.0
1577 1894 -4.9
1725 525 -5.0
396 1986 4.3
100 854 1.7
920 694 -3.6
148 1539 -0.5
620 482 -0.0
859 575 2.0
1497 1358 -1.4
422 116 1.2
860 336 -4.0
1156 93 1.9
1737 380 3.0
400 728 -4.0
320 1230 -1.5
137 140 -3.0
185 147 3.0
1824 270 2.0
888 1463 -1.4
783 1019 1.3
1163 1541 4.0
363 1049 3.8
931 88 -3.0
1613 1294 -4.0
1476 71 -3.0
1404 933 2.0
1912 1886 -0.6
99 1720 -1.7
30 888 -4.3
1277 1493 5.0
1354 155 -3.8
1687 795 0.2
1502 1920 3.6
1153 388 -5.0
1085 118 -1.9
1956 1654 -4.0
1485 1006 -5.0
1535 794 0.0
1629 226 4.0
755 430 -0.9
1751 131 1.0
1745 366 -1.2
975 1356 2.0
1469 208 3.2
1499 803 -0.7
1316 653 2.0
1201 1665 -4.0
1209 944 4.0
1855 1452 -4.6
1629 242 -1.0
137 773 -2.0
710 1539 -2.0
679 611 -3.0
1930 600 1.3
185 283 -1.0
1741 1356 5.0
1726 1831 -2.5
1155 630 4.0
683 1274 3.0
572 574 -2.7
1547 1896 4.0
133 108 2.2
459 1764 -5.0
633 1660 -3.0
55 1311 2.0
1681 708 1.0
818 613 -0.5
1316 1053 1.2
1385 618 -0.1
124 1957 -0.0
1949 1964 -2.0
665 68 3.7
1375 1643 1.1
1510 1068 -5.0
1708 1895 -1.0
373 295 -2.5
895 111 -5.0
1755 955 -3.5
1333 362 -2.0
853 1087 4.0
1343 969 -5.0
1974 842 -3.0
1760 250 2.8
1645 1084 3.8
22 62 -4.2
238 770 4.0
397 873 -4.8
898 1663 4.6
90 943 4.0
982 209 -2.4
37 983 3.8
840 1608 3.0
1827 1235 3.0
1917 922 -0.5
956 1797 2.4
1020 740 5.0
1989 1840 4.0
656 1543 3.7
1329 1792 4.0
1304 1679 -0.9
363 1876 -4.0
1544 801 -2.0
1643 410 -5.0
1099 120 2.0
620 1316 4.0
1491 807 -0.3
1913 19 1.0
840 1182 -2.0
1086 573 3.2
1105 603 -5.0
1871 63 3.4
1295 1510 -1.0
1993 762 -1.2
1594 1210 4.0
499 1919 -4.3
1845 1021 -2.5
662 1149 -3.0
1496 206 2.0
435 1515 1.0
1449 566 2.7
1559 62 -0.7
321 274 -4.0
754 1635 -3.0
1027 1106 -1.0
639 959 1.2
1586 1081 4.5
1847 201 -5.0
1898 1683 -4.0
427 1440 -2.0
1968 520 1.0
1752 928 -4.4
759 1909 -4.0
901 590 0.3
20 1700 -2.2
18 1580 0.9
1245 1988 -4.0
1267 235 -3.6
216 1836 0.0
468 1108 -4.0
1008 1635 -4.6
1467 1835 -1.0
1037 1262 0.2
407 1088 -3.0
1557 540 -1.0
1340 335 2.0
441 1670 -4.0
1476 561 -3.0
1763 108 -3.0
59 1467 2.3
731 1363 -4.0
162 165 -2.5
862 97 5.0
673 1491 -2.0
774 1585 -0.0
219 469 1.5
1852 1289 -4.0
690 1802 4.0
1743 1926 -4.0
709 1754 -1.0
1154 194 -3.1
303 447 4.0
384 1122 1.9
128 173 -3.8
135 208 -4.0
582 1902 5.0
986 1612 -0.3
995 902 -1.0
1826 689 2.6
305 54 2.0
1668 41 -2.3
639 1348 -3.0
167 963 -3.0
661 270 5.0
746 1043 4.0
1970 1569 -3.4
116 270 1.0
297 907 -4.0
29 10 -2.0
1617 1361 2.6
1421 1640 -4.0
1626 1125 -0.8
8 391 1.4
1499 305 3.0
1369 1310 5.0
1735 1536 -4.0
1527 897 -4.0
1364 832 -3.0
769 1611 -2.0
1631 1285 2.1
1346 87 2.0
1867 781 -0.5
1779 852 0.4
1753 56 -2.8
182 644 3.1
1382 107 3.6
1505 1368 -1.0
936 679 -2.0
1531 373 1.5
1729 237 -3.9
537 1406 -3.0
1287 714 -3.0
180 250 4.0
731 864 1.0
521 1114 -0.6
131 1390 3.7
5 635 0.0
1175 734 -1.0
791 452 -2.0
421 639 0.0
209 78 3.0
1541 1804 4.0
1460 615 -1.4
1297 939 1.8
93 1247 -0.8
1654 1874 -0.2
646 1571 -2.5
294 523 -3.0
221 1946 -4.9
309 1965 -2.0
1198 328 -3.6
226 1111 -5.0
417 1816 0.7
1023 1953 -3.0
940 731 -2.0
729 728 4.0
463 1081 -3.0
1680 1777 1.8
1598 828 -3.7
1958 127 0.2
179 1393 -3.2
1318 1562 -4.0
1610 186 2.3
1932 806 2.6
1690 922 0.1
1327 103 -3.1
1142 1039 1.9
1151 571 2.7
922 1018 -4.5
892 323 0.0
597 894 3.6
1930 162 -2.0
1013 841 4.0
205 1007 0.9
355 873 -4.0
679 647 -1.0
1534 1871 -1.6
403 1205 3.0
1489 1745 -3.0
853 1270 1.3
708 47 -3.1
1346 164 -4.6
823 250 -4.3
526 823 -1.2
547 1693 -0.9
973 1577 2.9
1324 1867 0.2
1524 1053 -5.0
291 1609 -4.0
66 1253 -2.0
789 546 -3.0
1867 1027 -4.5
1294 991 -4.9
731 1691 -3.7
639 417 5.0
193 715 0.0
1062 201 -2.2
58 119 4.0
1766 974 3.0
417 551 2.0
605 377 -3.0
1768 809 0.5
1519 1069 4.7
1190 488 -1.2
332 1099 -0.7
1224 245 3.0
1659 1466 0.7
1439 741 0.0
1454 717 -0.9
1478 1148 -2.1
1816 1978 5.0
122 1006 -0.0
1750 1454 3.0
1858 321 -3.0
1677 336 -1.0
490 1041 2.6
145 856 -2.6
1078 980 -2.0
1517 531 4.0
127 1210 1.0
1173 1459 2.0
961 1159 -4.0
943 1915 -4.8
914 359 2.2
228 1994 -3.5
86 1454 1.0
618 1423 1.7
832 1429 4.8
414 1547 4.0
40 1842 -4.6
1763 1151 5.0
1 296 -1.0
1883 1569 4.5
859 1247 -4.0
645 1297 4.0
1563 1664 4.3
706 1299 -3.9
1544 369 0.4
539 1815 1.0
1678 291 2.0
1390 1578 3.0
1813 1121 1.0
1362 1744 2.5
133 760 -0.0
1722 333 -1.5
1299 1113 -2.8
1026 1168 -1.1
1872 1478 4.5
1826 467 -2.6
1698 884 -2.0
1299 62 -2.6
1243 165 -0.9
1178 532 3.8
549 1760 0.0
47 1145 4.8
1684 1569 0.0
1515 1766 3.0
1281 1453 -3.4
816 1189 2.4
1177 479 1.0
277 445 1.0
1561 1364 5.0
248 1656 0.0
124 177 4.5
495 1016 -0.0
262 618 1.4
1865 619 4.0
213 1411 -1.0
480 557 -2.1
290 106 3.3
624 1655 -4.0
690 859 5.0
1302 1073 -3.4
1689 56 -4.0
445 973 -4.3
926 1758 0.3
772 364 0.0
865 553 3.5
1543 522 2.0
998 1063 4.6
1096 739 -3.0
1123 297 1.0
336 1023 1.5
1765 1035 1.1
624 788 4.0
107 1070 -4.9
1906 1465 -4.6
1592 1454 -4.0
96 717 -4.6
1600 31 -0.0
677 1297 -1.0
1778 310 -2.0
154 840 -3.0
96 1085 1.0
1623 527 4.9
1103 805 1.6
1907 229 3.6
299 218 4.0
1007 910 2.6
242 799 -4.0
1166 119 0.0
1463 1074 1.7
308 1601 4.0
1372 725 -5.0
871 1954 3.0
1363 1402 -2.0
680 136 -2.0
282 502 1.0
1540 888 -4.0
154 887 1.6
963 1055 -2.6
313 372 -0.8
356 1215 -2.0
1483 666 1.0
238 1084 0.7
31 1416 -4.0
510 771 -1.0
1303 1839 2.0
535 1634 -2.9
547 881 3.0
1585 217 0.4
217 1006 2.0
1031 1990 2.1
21 239 -4.9
562 1118 1.0
936 860 0.0
431 1020 -0.9
10 500 2.0
154 813 2.4
1933 896 -0.8
189 403 -2.0
1578 1079 3.7
1257 1776 4.5
86 225 -3.0
1674 122 0.4
878 1199 2.0
1976 804 -1.7
1894 1327 -0.3
609 93 -4.0
186 627 -2.0
651 733 3.3
1433 684 5.0
1278 1117 0.4
1702 1809 -3.5
1026 492 1.0
577 1502 -5.0
958 1889 0.0
368 1035 1.0
184 1543 1.2
578 1732 1.4
638 1396 0.9
1556 385 0.0
1816 359 -5.0
435 767 -1.5
564 1575 5.0
1035 1371 -3.5
695 1678 4.3
1871 1881 1.0
1566 1063 -0.7
69 829 3.2
521 1241 1.0
217 1512 -2.0
461 1026 4.8
1179 1606 -3.0
1969 151 -1.0
661 652 3.9
1698 402 4.0
552 921 -4.9
1381 1329 -1.0
508 1198 1.6
1295 1111 5.0
504 1862 -2.0
13 1322 -5.0
1526 1953 -2.0
946 1755 4.0
477 844 0.8
453 760 -0.7
1994 1187 4.4
41 1007 -3.0
1759 759 2.4
735 1607 -4.0
1852 71 -5.0
1064 1038 5.0
1145 1489 2.0
1699 1308 -3.1
456 544 -1.0
475 386 1.7
516 525 4.0
1308 1509 1.1
616 144 1.7
174 1194 -4.5
612 1822 -4.9
1351 1322 3.5
312 1240 -3.3
1970 1618 -1.5
457 1468 -4.0
1030 1652 -3.1
1423 1466 -2.2
1628 1690 3.3
1910 35 2.0
1855 451 -1.0
109 1795 -3.7
1256 708 2.0
993 522 -1.0
1664 513 4.0
1017 504 -5.0
964 145 1.2
1903 1013 2.0
1597 1613 2.0
1968 777 3.0
1385 320 -4.7
1948 616 -2.3
1017 785 3.0
1566 1304 1.0
863 506 -1.2
1646 318 5.0
1793 207 -2.0
1126 167 3.7
1453 1236 0.0
855 1523 5.0
907 238 -2.0
860 1007 -3.0
262 918 -2.5
332 698 -4.3
691 2 0.9
1251 733 -2.0
1879 1563 3.0
1803 1176 2.0
169 1001 1.0
236 1190 3.0
1982 1906 -0.7
1319 426 5.0
334 504 3.0
1131 1271 -5.0
236 1352 5.0
1586 1495 2.4
201 712 -4.6
1147 1250 5.0
331 1791 -1.0
1244 264 -4.3
1749 741 3.2
808 1611 4.4
1781 197 -3.9
410 1217 -2.1
1381 682 2.5
660 1171 -5.0
1745 46 -5.0
890 1224 1.0
1977 1336 3.0
1544 974 1.9
253 858 -3.0
619 959 -3.0
1440 840 2.6
834 1970 0.7
1519 1689 -0.5
1264 436 1.0
1971 196 -0.3
206 929 -3.5
1659 1356 -4.6
520 970 -3.9
99 1945 0.8
562 1272 -1.2
1482 1275 -2.0
300 94 4.0
709 217 -3.4
1598 1986 -2.2
652 879 2.2
680 1446 3.1
1129 1265 1.0
1440 67 2.2
1240 1468 -4.0
1043 504 -1.0
192 1025 1.2
105 1900 -0.7
1232 43 -2.0
1412 786 2.0
1072 714 -5.0
1755 1409 0.9
829 1290 4.0
1219 1032 3.0
301 1538 -2.0
1964 517 3.0
623 976 4.0
6 782 3.0
1380 1343 3.0
601 613 1.0
433 1922 4.0
621 745 -1.4
1020 1776 4.0
727 1471 4.2
738 1752 -4.1
994 1548 3.1
935 208 -1.3
191 680 -3.0
120 1151 0.4
719 754 -2.5
1339 715 1.8
1941 530 -2.0
1088 520 5.0
1749 1349 3.8
337 1560 -0.6
1496 772 4.0
1748 13 1.0
292 1529 -0.0
220 786 3.0
718 991 3.0
1829 1753 -3.0
22 1300 -2.1
492 459 4.0
1674 1225 2.0
1753 1373 2.3
1948 1605 3.9
1591 1378 -2.3
1820 1078 -0.6
1921 630 2.7
1150 257 0.7
418 1124 1.5
361 618 -3.4
460 686 2.1
1654 192 1.7
448 1643 -1.9
957 1167 4.0
764 743 2.9
821 673 5.0
617 248 4.1
1984 1430 0.0
1622 507 4.6
916 1236 -1.0
1812 1446 1.0
1554 898 2.5
1866 1244 -4.7
1723 1698 1.0
1866 128 3.0
826 278 -1.4
1364 120 3.0
209 542 0.7
1255 491 3.2
1249 1939 -2.5
1639 224 3.0
1844 1984 -3.0
1662 858 1.6
1425 129 -1.1
1372 39 3.1
1724 456 -3.0
1922 156 -0.3
259 295 1.0
1072 704 1.6
201 231 3.0
882 1694 2.8
1 844 1.9
1377 1006 -4.0
1313 1222 3.0
652 636 2.0
32 1442 2.3
270 1754 -4.0
1076 798 -1.0
876 1655 -0.2
582 1077 4.0
1872 176 -4.0
137 1292 0.0
1671 443 4.0
660 1962 5.0
1209 7 5.0
1868 1796 -4.0
1092 1502 4.7
466 985 -1.3
98 1339 2.0
1670 1426 -2.7
76 1825 -0.4
1960 1189 -5.0
542 1418 4.0
418 838 -2.7
1778 1184 -3.0
1946 1588 -2.0
440 1952 -2.5
1410 346 3.5
161 1913 3.0
1422 344 -4.0
526 1794 -1.0
1658 209 4.2
1090 1196 1.0
1103 1675 -1.0
735 799 -4.0
1790 1440 -0.7
1860 206 1.0
575 479 -4.0
632 460 3.2
340 717 2.0
1290 1215 5.0
910 1407 -3.2
1447 1100 1.0
653 922 -2.7
118 608 -4.0
838 1806 -5.0
847 1199 4.7
1101 1504 -2.0
1941 960 -2.0
673 1462 -1.0
938 30 -1.0
1179 783 3.0
576 353 -2.0
1399 773 3.9
1066 153 0.1
636 1114 1.0
1619 627 2.0
318 1087 -3.0
1433 1709 4.0
705 1389 -4.0
1027 1560 0.0
150 1112 5.0
1295 648 -1.0
143 1455 3.4
481 564 4.0
95 1710 4.0
1129 1064 1.3
1454 960 2.7
380 1611 -3.0
840 1855 -3.0
316 58 2.0
1438 1811 -5.0
1214 1759 -0.0
1971 866 0.5
1329 1378 -4.0
129 1548 -4.0
116 1450 -0.1
1573 1405 -4.3
700 1480 -0.0
1249 1792 4.0
1201 580 -1.7
117 1230 3.1
144 1325 4.4
1520 608 -5.0
1846 1518 -1.0
1815 1566 -2.2
495 1384 -2.4
1803 822 0.5
1769 1295 0.2
436 335 4.0
715 264 1.0
992 752 0.7
1240 1084 5.0
1530 136 5.0
721 1101 -4.5
1305 135 -2.0
476 1058 -2.7
1308 282 -2.2
581 1533 -2.8
172 1124 4.0
578 391 -2.7
679 527 4.2
1317 181 4.0
234 354 -3.0
1976 844 1.2
1808 1291 4.0
447 432 2.4
1937 59 2.0
1832 1395 -2.0
515 1242 -3.2
114 771 -5.0
1352 1255 4.2
253 934 -2.3
1019 532 -2.2
1946 938 2.7
635 1828 1.0
1090 891 3.0
1056 1969 -4.8
1518 991 -2.1
125 352 -1.9
784 565 0.0
758 442 4.0
85 1098 4.3
373 572 -1.0
1169 1147 -0.9
308 413 -2.7
1746 664 4.0
1613 319 -2.9
1295 209 4.5
1693 1412 -3.0
1634 245 -2.0
1270 1079 3.6
905 883 -4.0
1566 579 3.0
467 1553 -3.7
776 1955 -3.0
652 1716 -0.0
320 830 -4.3
313 1410 -1.0
1155 1821 4.0
1576 795 -3.1
186 1363 1.8
1172 554 5.0
1288 308 1.8
100 1864 -4.7
684 1003 0.8
1060 1837 1.0
1260 1981 3.0
1858 527 -3.0
1763 1375 -3.2
1855 1902 3.0
1260 431 4.0
1790 1164 -3.6
628 904 -1.0
1103 372 1.0
762 357 1.3
1707 88 2.0
552 1894 2.0
337 95 -1.0
471 1608 -3.3
650 1300 0.3
48 1774 -3.7
1077 38 0.0
1374 946 2.0
1377 1144 4.0
412 566 -1.1
896 1074 0.3
1889 470 -1.0
1962 176 1.0
266 1843 3.0
1074 640 4.8
1331 1804 4.3
1873 1436 2.8
1930 60 0.0
504 1005 1.6
1042 772 -3.0
139 597 -3.6
1660 126 -1.8
1399 875 3.0
266 151 -2.0
908 1832 5.0
1674 103 -1.0
831 1568 -1.0
197 442 2.0
362 1618 -1.2
1536 1208 -2.0
323 820 1.1
541 393 -4.0
337 175 4.0
1524 875 4.6
658 657 4.5
161 1837 4.7
1544 1194 5.0
1560 591 0.2
87 1054 0.0
1191 1805 4.4
670 963 0.6
1496 1283 -4.1
676 617 3.0
105 75 -1.0
1337 1811 4.0
1772 207 3.5
1504 1422 0.0
2 1419 4.0
1748 863 -2.9
1682 55 -4.0
228 1711 -4.8
1984 370 -5.0
569 72 -0.0
933 1033 1.0
1181 984 3.0
60 818 -2.1
562 1213 -3.0
823 903 -1.0
1670 1334 0.6
1091 487 0.1
248 1462 -2.0
1505 831 1.7
15 1575 1.5
339 1442 -5.0
668 713 -1.0
311 1373 4.0
530 278 -3.8
1105 669 1.0
1505 1392 -1.7
60 1843 -4.0
1471 1715 3.8
945 925 3.0
1085 1539 -4.0
1486 1365 4.1
885 340 4.1
1729 1368 -4.0
1794 1927 -3.0
883 926 1.0
572 1627 1.5
95 884 -1.0
967 993 -2.4
1803 1631 -0.1
1072 1384 -4.0
1362 16 -3.6
128 255 -4.0
913 1633 2.8
363 1280 -0.0
141 1250 -2.0
1302 816 -5.0
1810 1584 -3.7
1381 985 3.0
1209 539 -1.0
1292 1317 -5.0
548 34 1.7
1110 320 -3.0
1506 1045 -0.0
1239 941 -5.0
754 187 4.0
1205 988 5.0
578 1261 0.1
2 344 4.4
725 1204 1.4
1344 476 1.2
1421 733 3.3
379 1334 -2.0
1381 851 -3.7
727 1834 -0.2
1315 432 4.1
35 1165 -1.0
338 1664 -1.0
1094 1065 -4.0
53 1068 1.0
1694 1170 5.0
72 1317 -2.0
1244 1984 4.0
247 45 3.0
1322 596 -4.0
466 1441 3.0
1332 398 -2.1
444 498 4.0
205 768 2.6
1455 1698 -4.0
1277 1050 -3.0
1662 1167 -3.1
584 370 4.0
1245 492 -4.0
2 611 -1.0
699 1787 -1.1
986 859 1.0
1791 760 1.7
1952 995 4.0
1217 1857 -1.6
913 584 3.0
1124 269 4.2
122 1423 -1.2
70 1134 -4.3
267 420 -2.3
1636 345 -0.0
1008 742 0.1
566 1731 4.0
1494 718 -3.0
1227 814 -5.0
1410 719 2.8
1249 504 0.0
1722 1394 -3.2
343 1772 -0.0
52 1500 -1.6
502 736 0.1
386 453 2.2
1874 1376 -3.5
449 909 -2.2
69 66 -4.7
714 609 4.0
499 318 -2.5
740 177 -1.9
1164 1442 1.8
1738 973 -5.0
208 649 3.0
45 1752 5.0
1630 550 -5.0
395 1681 2.1
18 1957 -3.0
45 657 2.3
1664 474 1.0
69 1793 -2.5
545 1264 -4.0
767 226 4.5
1710 1811 4.0
1232 1754 0.0
1750 1813 -4.3
265 1585 1.0
415 851 -4.4
12 1593 -1.0
1058 1856 -4.5
512 1758 0.3
398 1944 4.0
1068 608 1.1
326 871 1.0
531 31 -2.0
1235 1636 2.6
17 18 -0.6
1905 513 -1.0
1668 712 -1.5
1947 1791 -2.0
787 1365 4.3
484 1110 3.0
1598 1031 -4.0
112 1890 1.7
1023 36 3.0
1561 1960 3.0
929 1333 2.8
568 1952 -1.6
1853 1295 -5.0
1201 1854 -0.0
1662 669 -2.0
449 1589 -0.0
1695 447 1.0
1346 719 -2.0
428 1426 -3.0
1192 78 4.9
314 1717 -2.0
1255 1178 -2.0
1128 1843 -2.0
577 1387 4.0
927 503 -0.0
1203 1452 1.0
1254 1698 1.0
1817 180 2.8
1566 1601 -3.3
1990 1648 -0.0
143 1127 1.5
1861 653 3.9
300 1174 -1.0
448 1576 0.6
852 1252 4.0
304 1108 -1.5
1434 1454 0.8
818 527 2.0
804 1010 -1.0
1353 405 -0.7
570 867 -3.5
1275 1779 -4.0
1854 408 0.0
1010 1400 4.0
190 336 1.0
1622 1957 -1.9
145 1164 1.3
251 1836 -2.0
214 163 -3.0
723 1488 2.6
202 1249 -2.0
1239 1533 -3.0
147 521 -2.0
1584 1209 0.4
1845 1879 4.4
1849 433 4.0
1767 603 -4.0
229 454 1.0
765 1864 0.2
703 746 2.0
605 112 3.0
1890 1917 2.5
653 1571 2.0
844 1564 -1.8
1198 1224 3.4
1527 205 4.0
1521 1277 4.0
1086 978 -5.0
531 121 3.2
1633 895 1.6
374 104 1.3
475 292 -1.9
633 1790 0.9
1739 209 -4.9
937 1079 2.0
603 1968 -4.9
451 1104 -4.7
1369 452 -0.7
70 970 0.4
1946 661 -2.7
963 1215 3.0
1355 54 3.8
422 135 0.0
1095 1810 -4.1
1295 377 -1.8
395 751 2.0
1394 1992 -5.0
404 1525 3.4
62 494 -4.0
560 772 5.0
623 336 -0.0
382 1628 -4.2
842 548 3.0
1359 1778 -3.3
38 1566 -2.4
1996 859 -4.8
188 1607 1.6
766 1303 3.3
1943 212 -4.7
1481 1882 -3.6
558 161 -2.7
1753 1671 3.4
1134 995 -2.0
833 150 1.0
1179 618 -2.5
1888 9 5.0
1730 1912 -1.3
1277 324 -1.1
408 1858 -4.0
1815 1653 1.0
1228 1423 -3.0
750 1547 0.0
196 323 -4.9
661 715 2.0
16 1638 3.7
443 113 -0.2
812 771 -2.0
1430 1179 5.0
1736 1514 2.4
1715 303 4.6
1297 666 1.0
613 258 1.0
1432 267 -3.0
1960 33 -4.0
1079 704 -1.0
412 618 1.0
421 295 -0.5
1371 888 -5.0
462 1440 -3.0
891 1322 1.9
1835 564 -3.0
1577 1784 4.0
545 661 4.0
288 289 -4.5
345 1184 3.7
475 1093 -1.1
1712 869 -2.2
1461 350 -4.7
183 252 4.0
1272 1518 -0.4
1836 442 3.0
580 898 0.5
1983 994 -2.0
578 1646 -4.1
1976 324 -4.2
999 714 -2.8
601 1556 -1.0
476 1398 0.7
723 727 -4.5
237 255 -3.0
1250 190 3.0
1253 177 -2.0
1578 1625 4.0
1455 1021 -5.0
455 1716 4.0
248 1323 -2.0
32 1969 2.0
84 861 0.1
1504 94 -0.5
997 436 4.7
284 1523 4.1
840 709 2.0
1669 1474 -2.0
1043 1687 -4.5
46 1321 -1.0
1596 363 -3.2
1659 252 2.5
283 124 -3.5
1436 681 1.4
1127 599 -4.8
202 391 3.0
1053 1359 -4.0
309 307 0.6
978 1346 -1.0
211 1414 4.3
602 1667 -1.0
79 1011 3.3
1484 1756 1.0
857 178 -2.0
517 1152 -1.1
1160 1540 -0.3
678 435 -4.9
1703 1451 1.0
501 395 -2.0
1254 521 -0.0
1397 40 2.0
946 1892 1.0
1787 1030 5.0
277 767 -0.6
972 408 -4.0
378 1913 -2.0
960 1918 -4.1
1980 576 -5.0
288 1395 2.0
132 1240 -3.0
1291 184 2.7
1312 186 1.0
994 169 -3.3
503 1083 4.0
61 1850 -5.0
1089 1316 2.0
782 630 1.5
578 1407 3.3
293 54 2.4
90 1620 1.0
156 716 2.6
751 1101 2.0
465 1737 1.0
550 1271 2.2
1001 1054 -2.0
463 1483 4.0
1813 35 2.0
998 155 1.0
1884 78 1.0
1878 1766 1.8
196 591 1.8
1331 1343 3.0
544 1932 -3.0
1279 1221 -2.2
290 1830 -3.0
1055 1166 -4.0
314 158 -0.6
1398 1661 -2.3
460 160 1.0
957 938 3.0
1374 1793 -1.0
998 215 -1.1
1094 1312 -4.0
68 1423 0.0
8 1285 -5.0
167 978 1.0
1278 1209 -3.0
103 78 2.0
1233 1165 4.0
1775 1809 0.8
1970 78 -3.5
1651 1890 -0.5
486 575 1.0
1560 835 1.0
1221 80 1.0
1877 909 -2.0
399 1651 2.0
571 1739 2.3
420 1221 1.0
222 897 -0.0
934 354 -0.7
760 1056 -4.1
1917 1447 5.0
1097 1957 -2.0
1167 747 2.3
1358 945 0.9
1238 785 -3.9
842 279 -4.0
844 1503 -0.3
1960 652 -2.2
930 1078 3.0
1567 574 -2.6
125 385 -4.2
853 1864 1.0
707 675 3.0
950 1724 4.8
1599 865 3.0
647 1531 2.0
348 1823 -3.0
1617 953 -2.9
414 1634 -4.6
1955 1622 2.4
110 181 4.1
1236 1356 -1.0
1951 1717 4.9
1726 728 -2.9
1098 1520 3.4
1595 1919 2.0
893 859 1.0
927 1457 -3.2
1225 30 -2.9
1147 1741 1.0
1710 1347 0.0
499 296 -1.0
1473 1830 3.9
1673 1913 0.3
894 229 2.2
1503 579 -4.0
1240 1409 -5.0
908 362 3.8
428 1299 -2.0
288 1783 -3.4
1652 1038 -4.7
582 723 -4.5
61 1355 0.2
1841 432 3.8
1130 785 2.0
684 423 5.0
635 487 1.0
1793 1393 4.0
1904 227 -0.0
1588 105 -5.0
95 49 -4.4
1227 1306 -5.0
1675 904 -2.1
1849 605 2.0
791 1434 -2.3
840 1508 1.0
1244 215 2.9
499 1052 -1.0
19 1447 -0.4
1647 589 2.0
1141 1160 1.0
1236 451 -0.0
9 711 1.0
1227 1397 0.0
1657 583 -0.0
938 1375 -3.2
1879 1249 4.0
762 244 -0.0
1368 1953 2.0
1578 696 0.0
1454 666 -5.0
243 1410 2.6
78 1093 -4.5
800 417 3.0
1501 604 -0.0
1691 980 3.0
1300 289 0.6
272 1145 3.9
950 1202 -3.5
1733 1061 4.0
1385 964 -3.0
717 1194 -0.5
311 1412 5.0
250 790 1.1
1487 957 2.0
43 1460 -0.2
1700 1760 -1.0
1995 1349 4.5
1244 982 0.4
1326 155 1.0
556 501 4.2
1371 760 1.9
303 1054 -2.4
915 95 -5.0
1018 6 3.0
1759 1307 -1.0
59 34 -1.7
1705 199 -1.4
1244 1664 5.0
965 1097 1.0
1405 380 -0.5
958 83 0.0
122 861 3.6
1244 603 -4.5
964 1047 -4.0
1676 1862 1.0
862 285 -2.0
1051 873 3.1
888 267 1.0
1440 544 4.0
99 40 0.0
1911 749 3.0
1411 1014 -2.4
1298 380 0.0
1448 1763 -4.8
1868 1883 -4.0
1686 535 -4.0
826 1014 1.0
1754 1049 4.4
783 1916 1.0
288 1688 4.0
221 811 3.0
438 183 -1.0
1503 1738 -3.0
1558 1466 -1.0
448 1675 -3.0
1610 1072 -4.1
1831 711 1.0
1015 1340 -3.2
53 1707 -3.8
1004 225 4.5
1020 693 4.4
363 183 0.0
1373 745 2.0
147 157 4.0
1857 1668 3.6
1875 311 2.1
226 445 1.7
1945 1979 -1.0
1765 234 0.0
1924 187 -0.4
704 580 4.0
1546 269 -3.9
215 882 0.0
705 1908 -0.4
1066 695 -2.0
163 604 -2.3
766 1029 3.2
383 1961 3.0
1672 841 0.0
1547 839 4.0
1957 1992 -4.2
603 1520 4.1
244 1363 2.0
1382 393 -2.0
1758 1756 3.0
13 382 -4.0
141 83 1.0
465 1478 0.2
734 1661 1.4
1171 775 2.1
1026 1992 -2.0
1853 1195 -4.2
1634 796 -1.0
1483 365 0.0
1595 1106 3.0
1932 1131 -3.9
835 1963 1.0
1502 85 1.9
1458 315 5.0
604 1292 -1.0
688 48 -2.0
42 1401 -3.4
1230 815 -3.4
1120 1514 3.5
202 741 -3.0
880 1164 2.0
1960 403 3.7
69 1151 -1.0
571 760 -2.2
33 1131 0.6
1770 423 -0.9
134 1449 0.0
1680 122 0.7
1629 949 -0.0
637 1925 3.0
1186 327 -1.0
150 1386 1.0
777 1440 -2.0
156 1447 4.0
71 912 -1.7
351 829 -0.3
1614 1840 4.8
1092 1002 1.0
1629 1649 -5.0
441 862 -5.0
514 1580 1.0
548 694 -4.8
381 1809 -2.0
1586 1523 2.0
1632 1127 2.7
629 1717 1.7
304 1681 -0.3
1255 610 -4.0
579 301 -3.0
43 635 -2.0
1100 380 -0.1
1352 1313 3.0
1951 775 1.0
1679 298 -5.0
1530 1332 4.6
248 1213 4.0
759 266 4.0
1957 1733 2.2
1201 829 0.3
1294 518 -3.5
339 562 3.5
369 883 4.0
1496 499 -1.0
1944 608 -2.8
714 365 -3.0
1361 185 -1.0
14 940 4.0
1179 466 3.4
1260 565 4.0
959 1556 -0.4
1654 1935 4.0
628 17 4.0
1601 1392 -1.0
396 1832 -5.0
622 489 -4.0
1461 1265 3.0
841 352 4.0
1471 1840 1.8
1501 338 -1.0
1930 1111 -4.0
548 1575 3.0
916 1536 4.0
294 1407 -2.6
1805 492 -1.4
1862 640 3.0
1334 59 -3.3
1800 1355 -3.0
97 1858 -3.0
171 329 4.0
902 903 -2.2
149 1129 -2.5
653 1511 -0.0
1200 1978 -2.0
304 827 0.0
1033 1957 -4.0
1233 249 1.7
954 1681 -2.8
719 1646 -1.0
1524 1413 -1.0
1987 483 -0.4
1206 1364 2.2
1166 1524 -0.0
1579 1573 4.0
501 1378 -4.4
1017 1029 4.4
395 732 -2.0
223 8 -1.0
776 944 -1.0
245 1934 -1.0
394 840 -0.0
1922 297 1.0
1053 1901 3.0
1384 1711 4.3
388 1836 -0.0
305 441 -5.0
1244 1148 -3.4
818 1804 1.0
1339 738 3.1
1390 1689 2.1
444 330 1.0
1720 1944 1.3
400 1028 4.0
1492 1544 -4.6
1209 397 -2.4
793 692 2.5
1272 633 -1.0
1574 567 3.4
1177 711 -1.9
180 1927 -3.1
944 1953 -3.0
1969 1533 3.7
1602 1512 -0.0
1222 593 -4.0
23 1667 3.0
718 112 3.0
914 1296 4.4
940 991 -0.8
1875 696 4.0
697 653 3.0
1585 284 1.0
1828 1091 2.0
1192 351 -3.5
1094 398 1.9
946 1021 5.0
1749 453 -3.9
1148 1829 3.1
1167 1123 2.0
1705 782 4.6
466 971 -5.0
1628 1783 -4.5
900 826 0.4
706 1165 3.0
737 648 -3.1
1895 1303 -4.1
113 1357 -1.5
1969 1409 -1.1
292 1837 -3.0
732 1176 1.0
273 438 -2.0
1143 359 2.8
639 1746 4.8
720 1370 -3.3
615 365 -3.2
1185 1328 1.3
379 216 1.3
1210 1533 -4.7
136 1162 -0.0
917 504 -1.0
830 1200 -3.0
1750 1351 -4.5
1356 778 3.0
603 1870 -0.0
1678 1098 5.0
1377 89 -2.1
240 1426 2.2
1901 1640 4.0
1300 1227 -3.0
185 1504 -0.0
969 56 -2.7
1539 1843 -4.3
361 561 2.0
1030 1738 -3.0
1500 243 0.0
260 1789 -0.0
201 176 -1.4
1867 1262 3.0
301 686 -4.0
71 991 2.2
1333 858 -4.0
90 1111 1.6
529 1679 0.0
289 425 3.0
573 1416 2.2
1208 1157 1.2
1820 1453 3.0
1053 1727 -2.5
1002 1459 1.6
165 32 4.2
1054 1365 -1.8
165 1839 4.0
1952 137 -4.0
1486 160 -1.8
249 239 -1.0
363 1279 -4.9
106 1226 -3.0
1638 1038 -3.1
1192 976 -4.7
1222 233 3.0
1829 1298 1.5
809 1606 -0.5
303 496 3.0
327 969 -2.0
1013 670 -5.0
1671 1693 -2.3
1886 1282 2.6
1498 1850 -3.0
1247 606 4.5
501 24 -1.0
881 613 -4.0
1444 1036 -1.4
74 1695 -1.0
59 1159 4.0
337 1996 -0.6
1482 964 -1.0
1523 142 -3.4
898 1329 3.3
1353 359 1.0
891 484 1.2
400 1270 -1.0
232 1999 -1.5
748 1743 -2.0
1435 1784 -1.7
603 1890 -5.0
1219 1830 -3.0
275 543 -0.6
560 1156 2.9
365 1800 -1.8
1603 376 1.7
769 1616 3.0
783 172 -2.0
96 644 -0.0
1375 1552 -2.1
1002 829 -4.9
905 1905 3.0
1918 418 -4.0
1038 856 4.1
1764 494 -0.2
592 255 1.4
1834 635 -0.0
935 735 2.0
1681 1854 -1.0
1680 1223 2.0
528 892 1.4
487 1834 -2.0
975 468 -1.7
645 1724 3.2
609 1239 -2.0
1687 25 -2.0
1536 657 -0.4
875 1395 -5.0
302 1041 -5.0
772 1795 -4.7
770 661 1.0
953 1091 2.0
1297 1890 -2.5
1609 1556 -4.0
501 1002 2.0
1480 490 -2.0
1163 1030 -1.4
1627 121 3.1
185 1037 0.7
1053 104 3.8
491 1455 -5.0
635 1322 0.0
1472 513 4.9
1706 1080 4.0
696 1177 1.2
340 289 1.0
1041 222 -2.0
993 1426 2.6
1731 1560 2.0
445 1586 -3.6
25 1843 -0.4
737 1576 -1.9
488 1663 4.6
1978 1942 -5.0
93 1369 -1.8
1981 1308 -4.0
1475 1548 -2.0
1441 1757 2.0
1667 1660 -4.9
612 1732 2.3
71 1180 4.0
730 1068 4.0
1198 207 -1.5
1108 696 -1.0
1429 949 4.0
1502 526 3.7
1417 1994 3.2
810 562 0.0
1949 374 4.2
496 1110 -3.8
207 1074 3.2
1766 1779 5.0
933 696 4.0
1807 762 2.4
1345 1623 4.2
1069 656 1.0
624 859 1.7
39 1204 5.0
270 584 -3.0
1004 286 2.0
1528 1686 -2.0
1521 1149 -2.0
1393 295 -3.0
1943 1136 2.2
1918 34 1.4
1618 311 -1.1
1646 303 -4.0
1129 1196 2.6
870 414 -0.9
1195 994 -3.0
323 225 4.5
876 1983 -3.4
1724 836 -4.0
1606 911 -1.0
546 950 -0.5
1579 858 -4.0
1365 629 3.0
503 1201 1.0
51 311 -2.0
1367 1413 -4.8
1227 6 -3.9
1585 1994 1.0
1270 1870 -1.0
126 1471 1.0
1816 138 3.0
1742 1178 -0.0
87 1487 1.0
1352 626 -2.0
677 1997 -0.8
1240 496 2.4
1630 301 -4.2
1406 1393 -0.5
1702 1270 3.5
1005 1985 0.2
1144 1099 2.0
899 1574 -4.5
1335 742 -3.0
1000 971 -4.0
54 323 -3.0
1881 379 2.0
1344 413 4.6
1213 1157 3.0
770 550 0.4
357 1891 -4.0
1579 976 -3.0
278 1157 1.0
764 609 3.7
534 1670 -0.7
60 265 -2.6
906 212 -2.0
1351 46 -3.0
613 502 -1.0
162 697 1.3
1989 217 -3.0
1200 808 -1.3
214 544 0.8
256 1405 -4.0
64 1525 -1.0
1208 309 1.0
1586 276 4.6
41 415 2.0
1023 1770 -0.9
1643 663 -0.9
1181 1632 -3.0
1555 243 3.0
319 1778 -1.0
140 483 1.9
489 62 3.0
705 1268 4.0
125 132 -4.0
316 182 -1.0
1872 1875 3.1
1316 1643 0.4
1625 1942 3.0
1380 33 -3.0
983 959 -3.4
24 953 2.3
669 1952 4.0
1921 1937 -1.0
850 174 -1.0
318 1515 3.6
1774 800 4.0
1858 1598 -4.0
1150 1149 -4.0
1160 913 4.0
1432 1127 -2.3
1763 728 1.7
1849 396 -4.0
875 1455 1.0
113 168 0.0
1932 475 2.0
332 176 2.0
908 55 4.4
817 231 1.0
1245 721 4.2
1499 1014 3.8
12 1494 -0.4
1032 1988 2.3
1801 423 2.4
409 498 -0.9
50 1605 2.0
816 1742 -2.9
1071 111 5.0
258 956 -5.0
356 1806 -4.4
324 1633 -3.5
28 730 -4.0
539 13 -0.0
909 955 0.8
1087 322 4.0
1838 1094 2.2
1916 1371 3.3
1953 1625 -2.5
1025 908 1.0
142 1347 3.3
1630 214 -1.0
1521 1711 4.0
776 1726 3.0
153 1072 0.2
1788 412 1.7
1457 1051 3.0
0 437 5.0
1842 1826 2.7
1305 806 4.0
78 1900 -2.7
880 535 -3.2
1218 817 2.1
1305 967 -0.5
1414 1579 -4.8
354 1589 -1.0
954 446 1.2
1566 971 -2.0
591 1399 3.0
956 180 -1.6
1502 1684 -1.0
1707 731 -0.3
1097 949 3.0
720 1759 2.0
918 1697 3.0
1093 1699 1.8
113 598 -3.0
1278 981 -3.0
624 340 -0.8
1473 44 -3.9
1566 607 5.0
1540 854 3.9
328 742 2.5
1969 547 -1.0
149 1373 -3.0
1939 1333 -0.3
1592 748 -2.0
334 461 -3.0
1841 1633 4.0
1592 422 2.0
1308 338 0.3
742 195 -0.0
1364 1106 2.8
883 599 4.0
1638 1526 0.0
611 100 -2.8
1807 1251 3.9
193 1676 -5.0
732 153 2.5
1390 1094 -3.0
1470 1289 1.2
1175 957 1.9
262 1901 -2.0
7 489 -0.7
1863 920 -2.9
349 775 0.1
1226 594 4.0
1562 624 3.0
220 1854 4.0
140 613 -4.0
1623 1262 3.2
1593 509 -4.0
163 1971 -4.0
1205 600 4.0
566 1562 4.0
1388 941 -1.0
130 771 -4.0
1699 1991 0.2
1983 1341 -3.0
224 544 0.3
83 467 0.5
458 927 2.2
989 642 4.6
1758 282 2.0
679 160 -4.0
1204 61 0.0
876 1926 -2.0
269 1657 -3.3
460 768 4.0
1631 1301 -0.0
1853 571 2.5
1852 83 4.0
489 1466 -4.9
450 1810 -0.3
1431 729 3.0
1787 179 4.0
987 177 -1.0
858 678 1.5
988 493 -0.0
517 1157 -0.9
1278 196 0.0
1490 1069 2.6
1734 1954 -2.0
1705 198 4.0
1605 673 5.0
909 1849 1.0
1181 1589 -2.7
1880 520 3.0
1396 498 4.0
1476 767 -1.0
166 1749 4.4
1657 151 -2.0
67 607 0.7
1347 1353 3.5
438 836 -4.0
532 1183 0.9
1656 1650 -4.0
192 1071 3.0
22 1008 5.0
600 1264 4.0
787 1643 -1.4
875 359 -1.9
201 1693 3.8
1021 1826 3.0
806 494 -3.0
1932 668 -5.0
1583 915 5.0
1159 1290 -4.0
1950 1136 4.0
1056 1160 -2.7
318 1940 5.0
1123 1873 -1.0
1535 1178 -4.4
1992 1177 -3.8
1848 908 3.7
376 685 -4.0
1326 324 -1.0
1300 1640 4.5
738 1565 -5.0
1914 1025 -2.7
131 81 5.0
1930 163 0.4
18 286 2.0
1701 547 -0.9
921 1241 2.0
799 813 2.2
25 950 1.0
27 911 2.9
1587 1056 3.0
736 1227 -2.0
38 238 -0.7
1127 769 0.8
1539 36 -2.0
1699 1056 -4.0
1682 1778 -4.0
837 557 -2.5
1491 1966 1.2
1168 1260 5.0
560 468 -2.0
720 1832 -1.5
82 240 1.0
151 810 4.0
777 706 -3.6
337 1908 -2.6
48 635 2.6
1747 893 -1.0
1975 1912 1.0
169 1498 0.2
603 84 2.2
631 1723 5.0
1363 945 2.0
1338 486 1.2
1765 907 2.8
1468 746 -2.7
371 870 -4.0
1828 656 2.3
24 769 4.0
1454 198 -1.9
848 811 -2.5
1845 529 1.7
242 1038 -1.3
830 324 4.0
410 236 0.0
1907 1014 1.8
0 1171 -0.7
1331 309 -3.0
1154 598 2.0
200 1712 3.0
782 510 3.0
8 110 3.2
1256 923 -2.8
281 1561 -3.6
1248 818 -0.0
1541 1442 -3.1
1458 1700 -4.0
54 214 2.0
552 1006 -2.5
807 0 -3.5
1058 261 -5.0
1109 1170 0.3
1974 539 -1.6
1275 538 -1.0
423 1726 3.0
1682 1282 4.0
855 417 5.0
1518 300 4.1
114 504 -4.0
1489 1773 -3.6
1961 1085 1.0
214 962 3.7
787 129 3.0
111 1362 3.0
1165 1596 -0.0
674 774 -3.0
1918 322 3.0
215 1840 2.5
1127 89 -1.7
1679 528 0.0
1221 1398 4.0
746 1362 -4.0
30 1561 1.0
1728 342 -1.1
668 1226 -4.0
1667 1337 -2.2
725 311 1.0
1667 1262 2.2
265 1271 -5.0
1195 1911 -1.0
1774 1436 3.0
739 1163 4.0
34 1965 -1.0
1016 858 0.3
1730 9 5.0
1627 1239 -4.9
662 1027 2.0
209 1785 0.7
1153 689 -4.9
1772 378 1.0
1712 1604 -2.0
292 1085 3.8
135 1101 3.9
640 969 2.2
711 231 -1.0
653 578 1.4
1627 1100 1.0
1767 1687 2.5
236 1419 1.0
1229 1958 -5.0
1769 561 -2.0
1507 1431 2.4
914 1261 -4.0
472 399 -0.1
780 1164 1.0
1213 1274 -0.5
1164 464 4.8
337 184 -2.9
657 1244 -1.6
494 232 4.0
481 611 3.0
908 757 0.5
1335 221 -1.7
667 225 0.9
885 1903 2.0
1624 1366 5.0
313 654 3.3
243 1673 4.8
225 895 1.0
640 199 -3.5
1559 1335 -4.9
705 114 -1.0
1891 1186 2.2
1447 1631 -4.0
1185 1158 -1.0
1282 1110 1.0
37 121 3.1
1154 325 -2.0
1969 1501 4.0
1385 585 3.0
958 1892 3.7
1602 1145 3.2
1740 821 -1.0
309 958 2.0
326 1050 -2.0
342 1058 2.0
1861 1022 -0.3
189 1799 -1.0
1580 515 -0.0
600 288 3.0
1446 608 5.0
629 1191 3.8
312 1151 -3.7
1692 1155 0.0
252 1957 3.8
683 824 -4.0
272 992 3.0
1963 1496 1.4
1290 1782 -2.0
965 880 2.7
1997 1537 1.0
565 1700 0.5
366 1546 4.0
510 194 3.0
490 463 -4.1
1234 1794 0.0
235 301 -4.8
27 768 -1.0
709 616 2.7
278 693 2.0
1647 1542 -4.4
1391 1502 3.0
199 195 2.0
954 244 4.0
899 1888 -2.1
1189 815 -2.0
1453 1172 3.0
166 1841 -4.0
1678 1816 2.2
