314 360 565
199 173 1.3
145 8 -5.0
197 237 -0.0
6 94 2.0
73 205 1.4
180 91 4.6
271 277 1.0
205 259 -5.0
276 149 3.0
200 105 -3.0
140 196 -1.0
182 245 -2.2
127 333 -1.9
134 246 -2.8
95 96 5.0
306 3 2.8
195 233 0.9
63 307 -2.9
63 133 -3.0
116 24 -1.0
9 47 2.0
190 68 -4.7
233 345 5.0
157 161 -4.7
80 199 -1.0
29 131 -2.0
37 41 1.5
117 308 1.0
283 269 2.8
45 80 3.0
20 131 2.1
264 259 2.9
261 140 1.2
3 203 -5.0
120 139 -4.7
287 318 -5.0
30 189 -1.4
14 19 0.0
242 335 2.0
75 74 -5.0
311 228 4.0
279 191 -5.0
297 17 -2.0
102 130 2.0
295 313 -3.7
207 282 4.0
270 177 -4.2
174 222 4.6
32 135 1.1
152 6 -2.3
307 207 2.6
261 281 3.0
26 68 1.0
189 316 3.4
234 20 4.4
190 331 -3.0
91 161 2.1
283 55 2.0
182 259 -0.0
47 68 -0.0
118 59 0.6
290 314 3.2
267 193 4.8
116 140 -4.2
228 306 -1.7
165 162 -4.0
92 279 -5.0
108 45 -0.2
242 43 -0.3
190 92 4.0
61 84 -1.0
107 223 1.9
287 44 -4.0
286 87 -1.9
282 159 -1.0
172 113 -1.0
204 77 5.0
48 162 2.2
288 106 -1.0
150 168 -3.0
176 56 2.1
10 324 3.2
157 227 2.0
262 183 -0.2
254 207 -0.0
222 309 -4.5
165 312 0.5
146 296 -1.0
171 357 1.0
296 138 -3.0
182 165 4.0
110 69 -2.0
25 263 1.0
30 9 4.9
197 355 2.8
287 201 3.0
24 184 -1.3
246 153 -0.0
249 128 -3.0
173 80 2.3
25 256 0.7
2 155 -0.0
247 77 3.0
55 248 -2.0
302 185 1.5
55 266 1.0
222 294 5.0
180 216 -0.0
59 279 2.0
312 159 1.0
55 240 -2.0
114 43 -5.0
156 275 2.6
195 37 -4.1
44 233 3.0
34 337 -1.0
50 12 4.0
144 168 -1.0
279 221 -4.0
178 312 2.0
249 190 3.6
276 38 -4.0
19 294 4.0
112 26 -4.9
46 96 -3.5
120 89 -3.0
185 128 4.4
169 121 4.0
268 142 1.0
260 137 -4.8
288 79 3.0
72 255 -1.0
78 190 1.1
183 131 4.0
84 152 1.2
135 127 2.1
294 230 5.0
126 259 -2.0
225 45 2.0
268 208 3.4
44 58 0.5
222 322 2.1
85 307 -3.7
273 258 -3.0
138 65 3.0
69 200 -0.0
17 9 0.8
137 160 -4.0
249 14 0.3
44 19 -5.0
39 23 1.0
178 236 1.0
59 306 -1.7
236 314 -2.9
5 241 1.9
29 357 2.4
265 67 2.0
135 211 2.0
182 129 4.1
225 145 1.6
26 84 5.0
62 322 -4.7
82 79 0.0
227 202 4.0
267 90 -4.0
119 309 5.0
35 82 4.7
299 343 -2.1
289 177 1.0
128 289 3.0
32 181 -4.8
304 53 -2.0
48 311 -3.4
256 323 1.0
94 239 -3.0
183 151 2.0
185 312 -3.0
135 138 -1.0
212 75 -4.0
134 245 1.5
14 177 3.0
51 115 -2.0
240 200 -2.0
167 14 -0.8
72 34 -3.0
113 333 -4.0
197 147 -1.5
51 210 3.8
156 15 3.0
117 264 1.0
305 95 1.0
265 261 -4.0
189 326 -2.1
121 155 -5.0
248 101 -1.0
97 203 -3.0
129 219 0.0
167 229 -1.5
53 305 -0.0
11 177 -0.0
182 349 -4.8
102 271 -4.6
219 351 -5.0
20 333 -0.5
139 43 -0.2
264 196 -2.0
178 230 3.0
312 269 -4.5
173 276 -1.7
41 47 -4.9
60 275 -3.1
33 74 1.0
106 160 4.0
20 171 -4.0
292 156 4.0
304 315 -4.0
121 165 2.0
77 232 1.0
275 114 -4.3
18 279 -3.7
195 245 4.0
190 72 -1.0
143 196 3.0
11 334 -1.0
281 91 -0.2
156 312 3.0
150 126 5.0
83 104 -3.5
107 180 -3.6
185 16 3.0
107 61 4.0
257 5 -0.0
61 176 2.0
137 42 -5.0
299 300 -2.3
308 132 -4.0
21 72 2.9
208 280 2.0
98 32 0.0
145 292 1.0
136 80 3.1
301 79 -2.0
194 102 4.9
60 13 -2.0
81 29 -5.0
96 117 -4.0
70 242 -1.0
6 127 4.4
204 306 4.2
272 89 4.0
297 316 3.0
153 92 -4.2
235 198 -3.0
98 256 -1.3
182 7 -3.3
264 319 -4.0
40 2 -1.7
247 49 -1.0
108 124 -1.0
304 151 -0.8
251 279 4.0
258 286 1.2
264 112 -2.0
109 232 -3.0
198 279 -1.0
51 85 -1.6
19 45 -1.0
139 91 -1.3
241 66 -1.0
25 59 -4.0
89 48 -3.0
14 137 3.9
48 98 0.0
39 220 4.5
261 16 -2.0
271 76 -1.0
206 185 3.9
138 115 3.0
300 60 1.0
120 343 1.8
176 181 0.3
3 211 -4.6
118 20 2.0
229 101 1.0
261 23 -2.0
191 167 2.9
201 57 4.4
11 166 5.0
107 217 1.9
179 342 5.0
226 93 4.0
300 50 0.5
91 16 1.0
255 170 -1.0
72 278 -1.2
96 269 1.0
196 289 -0.0
256 139 -2.0
297 105 5.0
218 209 -4.0
146 20 4.9
189 271 -3.0
247 235 5.0
209 62 -5.0
143 282 0.0
253 94 3.0
306 199 -5.0
249 152 -1.7
285 190 3.6
13 87 3.9
81 266 2.5
133 55 -1.0
286 218 -2.9
35 244 3.7
254 12 -0.0
95 88 -0.1
35 352 4.4
40 123 -2.7
136 60 -2.0
231 238 2.8
223 313 -2.2
119 218 -3.0
175 103 0.0
108 83 -2.0
56 66 -2.3
118 310 -5.0
59 317 3.0
135 153 -0.1
89 308 3.0
117 16 2.7
35 218 1.0
277 272 4.0
254 89 -3.0
207 305 5.0
185 315 3.5
214 351 0.8
265 125 2.0
270 192 4.9
253 157 2.0
262 237 -4.0
28 238 4.7
309 337 -4.0
283 75 1.6
217 143 3.0
274 57 2.1
72 186 -3.1
17 285 0.7
110 267 3.4
222 110 -4.3
90 255 4.0
245 290 -3.0
256 200 2.3
298 68 -4.0
302 69 -2.0
243 125 4.0
263 135 -4.7
31 152 5.0
28 177 1.9
217 193 -0.0
88 158 -3.7
91 135 -4.1
121 77 3.0
215 306 -5.0
86 262 2.3
159 46 -3.2
85 14 1.5
149 265 -1.1
284 9 2.0
27 168 -4.0
6 190 -2.0
149 150 5.0
48 40 4.1
218 325 0.6
116 117 -0.3
72 200 -4.0
81 335 4.3
168 280 0.0
179 289 -0.0
179 113 3.0
255 233 3.0
82 277 -3.8
23 243 -1.0
198 344 -3.2
132 126 4.5
74 15 -2.0
116 218 -2.0
10 18 4.7
115 40 -1.0
38 342 1.4
257 153 1.9
134 238 -4.0
41 145 4.0
135 251 2.0
8 289 2.9
190 4 3.6
184 192 -3.0
122 80 2.6
258 345 4.4
196 246 -5.0
150 332 4.0
56 121 3.0
293 238 -3.2
9 22 -0.6
311 224 4.0
240 245 3.3
61 344 -2.1
258 206 1.1
156 24 -3.7
230 250 -4.0
154 256 5.0
54 42 4.0
171 16 3.6
241 62 -4.0
262 322 4.1
4 213 -2.0
92 137 -3.4
9 36 2.0
148 128 -2.7
168 190 3.0
313 173 -1.3
126 330 2.0
44 134 -2.3
235 22 -1.0
289 219 -2.0
270 83 -3.0
87 233 0.0
178 303 1.0
64 243 -3.0
266 347 5.0
164 333 4.1
313 180 3.0
56 324 -3.0
47 337 -3.0
226 41 -2.0
43 122 0.7
194 249 -3.6
180 156 -0.0
27 63 3.0
300 334 0.0
257 256 4.4
203 82 -2.0
88 122 0.9
254 152 0.0
304 140 -1.0
87 339 3.0
143 20 4.2
8 344 -1.0
280 80 -3.0
154 210 -1.3
236 234 -3.0
241 59 -3.3
223 287 -1.0
98 213 0.7
57 73 0.5
123 22 3.6
84 353 -2.6
71 293 3.0
5 301 1.0
142 46 4.7
214 80 3.0
84 164 3.0
251 17 -4.4
308 341 -3.2
13 258 3.3
290 54 2.6
174 78 -2.8
153 203 -2.1
214 137 4.4
300 76 -3.0
281 43 -3.0
27 320 4.9
15 245 -5.0
266 10 -1.0
99 55 -2.0
91 38 -1.0
161 182 -0.3
186 110 -1.0
41 81 3.0
183 66 2.6
71 86 2.0
204 333 1.6
69 191 -1.0
299 296 2.0
104 134 1.0
137 288 1.8
42 100 -5.0
300 260 -3.3
176 238 2.4
43 150 2.7
172 17 5.0
129 350 -5.0
143 326 -1.6
279 12 -3.1
120 116 0.2
24 49 3.3
71 29 -2.0
100 212 -3.0
216 305 -2.0
273 260 -3.7
64 169 0.3
163 252 1.8
147 253 4.9
97 204 2.9
41 285 -4.4
232 24 2.0
67 235 -1.3
150 230 3.0
7 273 1.0
280 351 3.0
272 6 0.6
245 249 0.7
302 160 3.0
130 294 1.7
108 76 2.1
177 272 -2.0
32 252 -3.0
221 64 -3.0
211 160 -4.0
138 106 -2.0
123 275 -2.6
299 345 1.4
13 259 -2.0
223 229 3.6
257 290 -3.3
258 165 -0.1
273 71 3.1
27 222 5.0
67 128 1.0
248 102 -2.6
251 86 1.0
207 175 2.0
90 348 2.0
130 208 -2.8
65 305 -5.0
138 61 -0.0
223 286 0.2
23 85 2.0
104 125 4.0
241 53 -3.0
99 294 -2.0
176 142 -0.0
174 202 4.8
267 175 1.5
71 79 -4.0
5 16 -0.2
189 290 4.3
125 271 -2.9
193 289 2.0
85 231 0.8
74 287 4.0
86 249 -3.0
187 297 -0.0
65 66 2.6
311 127 0.4
294 203 -2.8
108 333 -2.0
32 311 -4.1
259 248 -0.9
146 244 3.0
189 337 3.0
256 157 -2.6
138 58 4.0
257 250 0.0
92 320 0.0
42 7 -3.6
