1000 1000 2000
322 427 3.5
294 542 -0.0
575 610 1.0
861 40 -2.1
559 667 2.5
810 446 -1.1
201 428 1.0
166 341 -3.5
649 600 3.6
525 583 3.0
543 443 -2.0
12 794 -2.0
344 749 1.7
664 363 -3.0
57 612 0.0
962 924 3.0
926 135 -4.1
815 222 -0.7
784 772 1.0
49 639 -0.8
248 895 -2.0
394 91 3.0
589 338 1.0
42 262 -5.0
470 60 2.0
83 765 -1.0
807 264 -3.0
953 889 -2.3
453 594 -2.6
687 70 -0.1
524 139 -0.0
506 21 -3.0
263 430 1.3
239 965 4.4
114 433 3.3
609 581 -3.0
963 362 -0.4
712 27 -1.0
314 260 -4.0
136 92 -4.4
841 250 4.1
549 647 -3.0
768 732 -2.8
284 24 0.4
251 550 -3.3
212 617 -2.6
883 113 -0.0
351 491 3.1
417 677 2.0
201 921 -4.0
521 525 1.4
483 777 -3.1
390 277 -4.5
472 773 -4.0
540 185 3.4
822 175 4.0
149 508 2.4
595 14 -3.0
597 864 -0.4
6 226 -2.0
335 402 4.0
249 278 -2.0
430 236 5.0
822 77 -3.0
600 984 1.0
300 122 -4.0
662 470 -4.6
956 964 -2.4
232 31 1.0
727 69 -1.0
170 168 -2.3
131 648 -2.0
787 495 1.0
818 357 -4.9
273 436 -3.0
99 77 -4.0
706 378 4.0
19 989 -2.3
429 794 -0.0
183 290 2.0
538 698 1.0
593 360 0.0
16 738 0.6
309 815 4.9
158 702 -0.0
564 654 4.7
971 422 1.0
269 277 2.0
515 395 3.7
956 710 -4.0
821 93 -2.0
676 865 -5.0
328 520 -1.4
903 660 -3.9
302 740 -5.0
682 892 3.0
233 879 4.9
648 966 5.0
640 653 3.7
413 658 0.6
501 42 -3.4
429 322 -5.0
263 691 4.0
169 396 -3.3
771 877 0.3
351 945 2.0
282 725 -2.0
165 162 4.6
112 877 4.1
476 224 0.1
610 767 2.2
480 832 2.5
427 817 1.0
606 786 -3.0
860 165 -4.0
708 621 -2.0
912 485 1.0
555 44 0.2
325 352 -2.0
137 817 -3.9
200 217 -1.0
51 168 1.0
872 121 -4.7
673 525 2.0
172 62 3.0
832 923 3.7
261 550 2.1
9 142 1.0
970 172 4.2
488 438 -2.6
33 836 -2.0
676 512 5.0
968 310 5.0
248 1 1.0
739 77 3.0
936 522 -1.0
683 748 -4.0
546 236 -3.0
867 430 0.0
293 633 0.2
108 411 -0.0
351 537 -3.0
505 218 4.9
383 140 1.3
252 665 -3.1
12 9 0.0
110 763 -2.7
762 995 -2.0
344 561 -3.0
122 366 0.0
556 668 2.0
668 567 -2.6
11 374 3.8
89 336 4.0
176 503 0.0
702 58 3.3
753 392 1.4
544 992 -3.2
761 815 1.0
920 942 2.0
83 868 -1.0
553 170 -4.0
265 582 -2.5
729 907 -2.0
94 386 -0.0
909 268 -0.5
132 104 4.9
10 153 2.0
695 990 -4.6
815 903 0.0
34 983 -1.0
178 481 -1.7
198 128 -3.7
245 454 3.6
681 39 -2.0
606 35 2.7
32 302 4.0
820 957 -2.9
545 651 -1.3
835 581 -2.0
187 307 -4.4
798 344 -4.0
818 23 -1.5
446 24 2.7
986 74 2.5
809 374 -1.1
552 140 -3.0
403 138 -4.0
788 381 -3.8
978 945 3.9
646 803 2.8
361 639 -2.2
759 958 4.0
16 476 1.3
398 133 -3.0
794 529 4.3
398 979 1.8
765 774 -3.0
130 430 1.7
122 818 -1.0
561 858 -2.7
39 702 -3.5
587 185 3.0
129 770 1.0
218 248 3.7
804 236 2.0
224 174 -4.7
624 550 2.1
876 871 -4.5
935 91 2.0
944 687 -4.6
293 255 0.9
520 179 4.1
57 726 4.8
425 168 -0.7
355 743 -3.6
647 868 -4.9
463 815 -0.0
269 762 1.8
378 160 -2.0
218 160 -1.9
296 246 0.0
937 10 -1.6
522 208 4.3
968 139 -4.0
10 410 -2.4
83 922 3.6
143 134 4.0
694 564 -4.0
989 948 1.0
198 792 -4.1
91 883 4.0
198 491 3.0
941 645 3.0
982 870 -1.0
126 965 -4.5
559 625 -3.3
56 854 -5.0
423 740 -1.3
791 12 0.9
769 664 -0.4
262 556 -2.0
356 948 -0.9
439 916 4.0
436 548 4.0
164 129 1.5
141 417 -2.0
847 703 1.0
927 746 -2.5
22 538 -2.0
280 879 -4.0
627 133 -3.6
178 778 2.3
300 612 2.0
421 93 -1.0
866 183 0.0
503 755 5.0
162 245 5.0
72 850 3.0
351 711 -1.5
660 891 3.3
57 925 0.9
114 749 -1.0
692 376 -0.0
219 749 0.0
946 563 -1.8
669 231 3.9
622 760 5.0
930 595 2.0
808 510 2.9
557 640 -0.0
95 130 -1.0
31 502 4.3
821 344 -1.0
375 740 -4.0
54 214 0.6
330 378 4.0
135 501 -3.0
79 271 4.8
4 203 1.0
573 654 2.1
988 548 -0.0
22 483 -3.1
124 363 0.2
923 692 -2.0
927 210 4.0
221 161 -0.0
949 336 -2.4
944 455 -4.0
429 799 2.3
389 901 2.0
979 920 3.7
592 481 -1.0
454 633 -2.9
301 329 0.9
697 250 -1.0
543 34 -1.0
655 968 -5.0
129 281 -3.0
292 790 3.0
813 94 -2.0
13 161 0.5
876 129 5.0
862 55 2.0
783 299 -2.0
992 852 5.0
869 759 4.3
667 912 2.5
39 739 -3.5
295 231 -0.0
160 756 -3.0
38 162 -4.0
661 905 3.4
951 454 4.5
760 733 4.1
775 991 -1.0
752 542 2.0
307 34 -4.9
72 874 -3.5
852 214 1.0
496 740 5.0
872 63 -3.0
847 342 2.3
211 595 -1.5
76 870 -3.8
612 618 -1.0
149 307 -4.0
481 359 -4.0
122 662 -1.0
443 982 -1.7
524 938 3.0
292 460 1.0
13 113 4.3
518 809 -4.0
774 389 4.5
947 973 -1.9
399 540 5.0
901 203 -3.0
135 654 -1.0
807 711 3.5
263 202 1.0
884 453 3.0
576 928 -1.6
395 362 2.0
771 634 -4.5
921 809 0.3
747 49 -1.3
15 301 -3.0
347 963 -0.0
300 955 -3.5
881 50 1.0
61 124 -1.0
669 302 1.0
989 775 -4.0
380 297 4.3
334 878 -1.7
981 407 -4.2
351 73 0.3
425 376 4.0
519 81 -1.0
432 931 4.0
854 304 3.0
738 268 2.8
443 821 1.5
396 99 -4.0
628 422 -1.0
453 910 -0.5
308 266 0.0
309 793 -2.0
556 504 3.6
468 559 -3.0
845 483 -4.2
418 804 1.7
714 302 2.2
132 327 -2.0
567 449 -3.0
82 319 -0.9
938 917 1.0
849 663 -5.0
6 322 3.0
114 402 -0.0
505 907 -5.0
491 702 -0.4
470 200 -1.0
103 127 4.0
641 511 0.9
172 18 -2.0
160 338 3.2
516 428 4.0
285 68 -0.8
755 491 -4.7
612 357 4.0
883 856 -0.5
29 774 -5.0
476 623 3.0
678 494 -3.5
580 905 -2.0
877 643 2.0
783 635 0.7
805 739 1.7
57 762 3.0
835 968 -3.0
278 949 2.0
390 609 1.0
543 692 -3.0
97 943 -0.4
232 731 -0.3
781 202 -4.0
481 366 -1.2
340 134 3.0
754 281 -0.5
585 879 -4.6
614 530 -3.2
427 355 3.5
36 811 -4.0
872 682 3.5
182 648 -4.0
760 690 -3.0
297 592 -1.0
749 67 4.0
273 981 -1.2
324 904 0.2
153 954 0.0
195 837 3.0
532 702 3.4
123 39 2.4
230 92 5.0
278 194 -2.0
730 866 2.0
439 159 2.5
212 723 -3.8
537 739 -5.0
494 927 0.0
853 711 -4.0
686 493 -2.9
381 214 -1.6
749 934 -4.0
735 163 0.0
231 143 -1.0
613 463 1.3
3 833 5.0
334 628 1.0
186 317 5.0
705 730 -5.0
714 890 -2.0
37 781 4.0
475 139 -2.8
26 865 -2.0
848 898 1.0
257 190 1.0
974 618 2.0
435 301 0.0
342 519 4.0
805 48 3.0
972 272 3.0
842 393 4.0
553 484 -3.0
821 182 -3.0
290 640 -3.2
207 20 -1.0
365 327 2.3
951 546 3.0
199 732 -2.7
962 622 3.0
239 416 -1.9
895 435 -3.0
284 803 4.0
938 481 3.0
364 346 -0.4
506 447 -0.0
254 628 -4.0
175 263 -5.0
405 407 -4.3
550 181 1.8
943 401 -1.0
360 511 -0.3
182 897 4.0
234 98 -3.8
701 160 -0.9
26 262 4.0
681 180 2.4
128 128 -3.0
264 343 3.0
110 409 -3.4
941 949 3.6
61 533 3.0
268 903 3.2
215 392 -2.5
263 518 1.3
271 947 1.6
124 327 -0.0
486 414 -4.8
423 711 2.0
127 408 3.0
408 475 4.9
186 393 -2.0
558 196 -4.0
386 932 -5.0
896 134 -3.3
440 788 -3.8
550 366 3.6
759 513 2.9
12 272 4.9
857 994 -3.6
791 638 4.3
764 871 -3.9
130 351 3.0
555 26 1.0
787 702 5.0
715 97 0.0
511 67 -3.8
636 686 2.9
809 859 -2.3
304 229 -5.0
213 115 -3.1
690 989 0.9
29 624 -2.0
673 418 3.0
262 533 -3.0
735 462 -2.0
38 806 -0.9
194 439 4.2
462 46 -3.6
481 110 4.7
321 623 1.0
888 932 -0.0
270 560 2.0
282 714 -1.0
254 508 2.9
509 714 4.0
298 89 4.5
3 674 -2.8
885 616 0.0
940 584 -1.1
124 517 2.1
516 40 1.2
605 733 4.5
532 909 -1.3
104 72 1.0
269 581 1.0
162 230 1.0
341 555 -2.7
113 595 -1.4
433 353 3.0
788 350 -0.0
71 861 -4.0
676 269 -0.2
254 627 4.1
142 758 -1.4
170 890 -5.0
640 54 -4.0
954 285 -4.2
946 599 -2.0
411 601 -2.0
358 486 1.0
230 208 -0.1
165 547 3.6
763 476 1.1
303 886 2.8
435 626 2.0
486 858 4.0
461 856 -2.7
519 61 -5.0
210 332 -4.1
270 123 -2.4
952 571 1.0
352 596 -1.0
662 414 -1.0
691 397 2.4
688 130 -1.6
734 516 4.0
357 785 4.0
401 356 3.0
508 927 0.7
241 17 -4.0
963 709 -3.1
27 88 -1.0
96 888 2.0
957 90 -4.0
568 17 4.4
373 454 -4.0
116 424 -4.6
10 817 -3.1
474 266 1.0
757 467 -0.1
946 131 4.3
589 262 -2.0
261 87 4.0
535 454 -3.0
318 347 3.6
202 290 3.2
584 790 -0.0
249 660 3.0
273 841 3.4
229 930 1.5
135 898 -0.0
598 387 2.0
680 795 0.0
289 642 4.0
182 221 3.0
751 305 -0.4
697 262 -2.0
837 364 0.8
460 684 1.0
158 246 -3.9
478 140 2.0
167 57 -4.0
98 11 -3.9
140 139 -3.0
759 921 0.0
21 193 3.0
70 896 0.0
632 389 -2.1
802 986 -3.0
852 76 2.0
83 298 2.0
878 293 -2.6
769 537 2.6
354 442 -1.0
774 186 -3.0
454 660 4.0
327 502 3.0
656 271 -2.2
956 601 3.0
931 111 -3.1
623 516 1.4
9 577 -4.0
477 972 -3.0
507 953 2.5
418 645 1.0
591 799 2.0
595 412 4.9
11 944 4.1
453 226 1.0
864 515 -0.0
952 685 4.0
778 74 -1.9
4 645 3.4
495 339 -4.0
650 350 2.0
998 2 -5.0
90 942 0.6
249 897 -4.1
988 934 -4.0
146 882 -1.4
52 418 0.0
498 417 1.3
257 162 0.0
424 476 1.0
343 212 -1.0
560 3 0.2
679 955 -5.0
883 736 -0.0
394 518 2.9
665 385 5.0
260 521 -2.0
362 67 -2.0
514 444 5.0
663 629 -2.3
229 783 -2.0
934 64 4.0
117 942 4.5
133 37 -3.4
451 711 2.0
785 810 -3.0
139 257 -1.0
835 676 3.0
474 126 4.4
590 755 -2.0
479 850 -5.0
473 920 -4.4
929 625 3.0
266 291 3.5
519 177 0.0
325 382 -2.0
885 765 -4.0
252 562 -1.0
862 523 -2.8
401 157 -2.0
460 219 0.2
50 169 -4.3
559 9 3.0
253 791 4.8
79 911 2.1
140 747 -2.5
490 789 -3.0
43 716 1.0
326 761 -0.4
703 122 4.0
647 178 3.0
582 728 -0.1
330 637 -2.0
558 37 2.0
320 761 1.0
24 884 -1.0
828 494 2.8
103 130 -4.0
256 341 1.2
408 742 -4.0
334 781 -4.4
310 416 3.3
893 446 1.0
657 757 2.5
721 576 2.0
798 745 -0.3
661 236 -0.5
749 497 -1.0
803 510 -2.0
996 220 -1.0
232 210 0.4
461 238 2.6
929 936 1.0
831 614 3.0
365 774 0.9
740 27 -3.5
827 723 -4.0
617 114 -5.0
698 131 -2.0
333 239 -1.0
722 771 -1.2
512 77 3.6
973 309 1.2
182 237 4.0
680 398 4.1
141 778 -2.0
136 400 0.0
168 68 1.0
509 476 4.1
915 193 -3.0
523 832 4.4
578 811 -1.9
735 159 -2.0
887 482 -1.3
264 136 -1.2
869 690 1.9
179 893 3.0
640 307 3.0
340 863 -0.0
225 315 -1.8
624 743 0.0
86 663 -4.9
695 244 0.1
966 622 -3.0
803 461 1.4
883 754 -4.0
955 813 0.0
436 373 4.8
725 939 -3.0
767 437 -3.6
638 674 -1.0
780 316 2.2
576 776 -1.0
83 377 4.7
267 9 -4.0
347 133 2.0
289 147 0.2
604 908 2.0
836 703 -2.0
355 303 -2.0
757 269 4.0
427 713 -0.2
134 283 5.0
596 498 4.9
469 799 -1.1
992 197 -4.1
715 914 2.6
318 523 4.0
646 996 -2.4
568 502 -4.5
72 517 -3.8
388 267 0.4
377 144 -3.1
99 247 5.0
661 3 4.0
716 140 1.0
367 333 -2.5
933 201 -2.2
12 539 -3.9
798 118 -2.3
556 709 -0.0
811 472 2.0
205 652 2.0
901 798 0.9
665 133 -0.8
290 99 4.0
552 512 -1.6
845 515 5.0
246 842 -2.0
497 425 1.0
310 346 0.3
100 371 2.0
235 42 2.2
922 532 1.0
70 488 1.8
478 458 -3.0
349 540 0.0
701 766 1.3
85 712 2.0
245 843 1.0
748 338 0.8
789 536 -4.0
161 24 5.0
485 237 3.9
981 933 4.2
841 584 1.5
280 130 -0.0
853 820 -1.0
107 743 1.0
499 502 -3.0
649 870 -2.0
955 383 1.0
148 258 3.3
810 999 -2.1
869 943 1.0
175 688 5.0
693 755 -4.0
911 5 -4.0
149 685 5.0
681 890 -1.2
982 421 0.0
785 206 -1.0
790 642 -4.0
70 619 -0.1
304 357 4.8
445 379 3.0
779 977 -1.5
353 837 2.8
44 772 -3.9
818 185 5.0
666 921 -4.4
879 149 -0.0
749 864 3.4
617 261 -4.3
389 682 -0.6
776 837 4.0
351 573 -1.3
155 259 -4.7
15 501 2.0
372 655 2.0
176 971 0.4
387 503 -3.0
799 271 -0.9
887 250 -3.0
426 403 3.9
715 41 -3.5
968 343 -2.0
170 338 0.0
27 265 -4.5
795 338 4.3
23 400 -0.5
688 640 -3.0
704 733 1.0
894 236 -2.0
542 10 0.6
46 769 -4.0
363 642 -1.0
345 904 -1.4
237 808 2.8
769 414 1.8
509 147 3.0
405 574 2.7
159 111 -2.0
593 917 -0.5
108 797 -4.0
134 649 -0.0
572 908 -4.0
348 353 4.0
218 174 -0.0
414 911 2.0
352 788 2.6
34 630 -1.0
374 376 -5.0
390 861 2.0
953 792 5.0
456 111 -1.0
160 386 -4.0
67 399 -3.0
540 295 1.0
855 582 -2.0
974 401 4.4
960 807 3.1
38 821 3.0
566 295 -4.2
746 859 -3.7
235 633 2.0
280 677 -4.0
270 784 4.1
484 500 -5.0
415 986 0.0
393 344 1.0
262 342 0.2
998 925 1.4
46 935 -5.0
601 890 -1.0
656 880 -2.0
519 135 -4.0
497 730 -3.2
502 358 -4.0
132 90 2.0
835 52 5.0
911 401 -4.1
951 579 -1.0
331 432 1.0
923 112 2.0
222 793 -3.0
480 771 -2.3
660 532 -2.4
170 812 2.0
140 701 2.0
748 357 4.8
199 428 -1.2
886 855 3.0
896 174 3.0
915 973 2.7
422 916 3.1
712 184 -3.0
324 871 0.6
72 532 3.7
301 83 -2.6
558 894 4.3
622 783 3.7
491 24 2.0
454 311 -0.0
983 573 -3.9
968 190 -2.9
924 35 -4.4
308 989 -1.9
228 355 1.0
147 823 4.1
325 25 -0.9
430 165 -1.0
891 130 -1.0
178 602 3.0
751 326 5.0
937 976 -5.0
609 782 -4.0
793 41 -2.0
318 184 4.0
893 668 -3.4
671 31 0.3
898 778 -1.0
79 129 1.3
554 781 -0.6
711 259 2.0
741 712 -0.0
647 223 -3.8
854 228 -1.9
504 339 4.0
2 963 -5.0
587 674 1.1
219 756 3.0
599 323 4.0
712 444 -3.0
912 537 -1.2
627 766 4.0
117 903 -0.0
423 7 -2.0
689 866 1.9
166 982 -1.0
748 702 -4.2
897 227 -4.3
618 616 2.0
357 387 0.7
998 641 3.0
909 558 -0.0
27 762 -4.0
877 962 -1.0
366 125 0.0
603 873 1.6
120 16 -1.0
824 478 -3.0
272 447 -2.0
655 591 3.0
229 642 3.0
940 479 3.7
586 167 -3.6
58 216 3.0
570 504 5.0
487 510 -2.2
495 801 4.2
854 43 2.0
34 666 2.0
901 507 -3.2
426 414 -4.9
256 755 -3.0
960 54 4.3
756 660 -3.0
59 279 -4.0
582 410 -2.0
39 713 -0.9
475 713 4.0
20 432 0.5
381 605 -5.0
962 449 0.4
265 456 -5.0
534 631 1.0
370 12 1.0
345 605 3.1
721 209 3.7
300 671 0.1
509 197 2.3
931 596 -1.0
223 531 -5.0
799 651 -1.4
623 90 2.9
284 715 0.0
596 21 -1.0
126 910 -1.0
895 625 -2.0
741 129 -3.4
97 720 3.7
866 876 -0.0
961 448 4.0
478 451 -0.4
135 746 2.1
633 432 -0.3
676 884 -1.9
746 758 3.1
731 395 4.7
643 879 -2.9
345 641 4.0
843 126 -3.0
813 781 -0.6
718 206 -4.2
997 167 0.0
368 257 3.3
392 73 -2.0
354 37 3.0
759 982 -3.0
667 345 4.0
912 40 -2.9
199 504 1.8
87 231 -3.2
215 408 1.8
476 905 -2.6
308 24 -2.0
277 317 0.3
285 324 5.0
811 120 2.0
547 204 -4.0
622 581 -1.0
554 618 2.0
593 298 -5.0
493 269 4.0
28 192 -0.8
865 860 -1.1
270 55 5.0
466 904 -2.5
314 610 3.0
609 293 4.0
725 355 1.2
516 543 -0.0
386 247 1.0
908 543 -3.0
915 631 2.7
320 942 1.7
641 921 0.0
664 184 2.6
210 779 2.0
414 939 0.0
664 456 4.0
712 477 -5.0
555 43 -2.0
329 463 -4.0
74 324 -2.0
147 535 1.6
903 217 -3.2
331 186 -3.4
681 318 -4.3
433 423 -4.0
971 676 4.0
452 548 0.0
824 887 1.8
644 163 -3.0
764 640 -4.0
197 103 -2.9
265 102 -3.9
632 689 2.6
739 597 3.0
33 243 -2.0
79 42 -1.0
735 471 1.0
825 339 -2.0
8 566 2.0
52 931 -2.7
263 792 -1.6
3 294 3.0
91 758 -0.5
136 965 5.0
525 44 -4.0
905 137 1.0
720 888 3.0
967 790 4.0
274 385 1.0
809 680 2.5
458 341 -3.5
511 341 -2.0
120 393 -2.1
445 565 -0.0
197 663 0.0
701 641 1.0
874 243 3.0
910 966 -0.2
676 793 0.0
164 280 1.0
693 257 -4.0
464 177 -3.4
258 58 -1.7
93 851 -3.4
269 543 -1.9
689 208 1.2
744 979 -1.0
79 326 3.5
416 809 -2.7
322 567 2.4
644 293 4.3
200 20 3.0
201 920 -2.4
935 62 -4.3
583 782 -1.0
213 543 2.0
674 757 2.5
130 781 -1.6
965 607 1.0
903 442 1.1
721 143 -3.8
352 159 -5.0
346 465 -2.6
712 424 1.1
118 77 -1.9
805 355 -1.1
931 845 0.7
961 179 -2.0
645 814 1.0
152 8 2.0
450 725 -3.0
491 302 4.0
840 718 0.2
395 127 -1.0
921 217 1.9
83 657 -4.0
190 327 -2.0
881 514 1.0
408 470 -2.8
687 409 -1.0
24 871 -0.4
325 19 -4.0
736 61 -1.0
902 45 5.0
921 55 -0.0
298 689 0.2
821 924 3.0
662 280 -3.0
497 728 1.4
386 616 -2.0
551 418 3.7
830 203 3.0
253 299 3.1
385 120 3.0
614 156 2.0
328 197 -3.0
7 42 -3.0
125 359 3.0
908 6 4.7
312 602 -0.6
239 150 -1.5
752 73 3.0
453 134 2.0
378 990 -3.0
593 366 1.4
766 664 4.2
934 249 -3.0
591 538 -1.0
838 740 1.6
283 906 -4.0
656 997 -0.0
164 321 -1.2
612 225 -1.0
994 401 1.7
800 758 4.0
555 576 -3.0
753 666 -4.3
790 19 1.7
892 104 -4.6
560 338 4.0
156 378 -1.6
724 873 3.3
250 854 -3.7
989 475 -1.9
917 752 1.0
385 730 2.0
107 507 0.5
153 117 -4.9
294 803 -0.4
895 527 -5.0
489 694 3.0
561 597 4.0
640 280 -4.0
803 73 -3.0
446 236 1.4
44 667 -1.2
717 404 -0.6
842 588 5.0
291 991 4.6
160 940 2.8
24 695 -4.0
430 880 3.0
912 410 -5.0
979 744 -3.4
682 903 -5.0
139 773 -1.0
329 957 -0.0
607 312 2.0
689 437 2.5
519 150 4.5
212 796 1.6
125 88 0.1
98 399 -2.7
515 133 -3.0
915 488 5.0
106 878 -2.0
746 498 -3.8
373 540 -5.0
666 467 -3.0
640 485 0.5
343 864 -4.2
997 343 4.0
315 212 2.0
960 137 -3.0
16 732 -1.1
713 605 -1.0
345 704 -5.0
800 245 -2.9
45 267 -0.0
381 465 4.4
88 642 -3.0
404 420 -2.4
859 611 2.3
970 134 -4.8
607 300 -1.4
916 574 5.0
107 90 2.9
549 801 3.0
702 103 -4.5
179 971 -0.0
451 945 2.4
194 566 -3.0
963 379 -2.6
715 402 -1.4
563 289 2.0
139 520 2.8
101 782 1.5
714 100 1.0
904 403 -1.2
52 785 2.7
157 510 1.2
132 701 4.0
458 149 -3.2
801 23 2.4
921 970 -3.1
660 954 -4.0
534 869 2.5
488 285 -2.0
943 733 -3.0
170 347 0.3
75 525 2.0
891 342 -2.0
392 366 2.1
987 622 -3.2
581 456 -0.0
410 79 -3.0
860 738 -5.0
541 357 -3.0
820 109 -2.0
132 775 -3.1
845 503 -0.0
766 127 3.4
295 29 -3.0
712 231 -1.4
785 910 3.0
288 753 -3.0
381 291 -3.2
73 783 4.0
193 337 4.0
740 270 -0.3
539 150 -0.0
730 389 3.4
339 397 2.0
557 460 -0.2
477 85 1.5
194 613 -2.0
325 454 -4.3
763 397 0.0
491 240 0.0
210 43 2.0
841 520 3.0
352 269 -0.0
924 396 3.0
168 566 4.2
23 940 -2.0
511 910 5.0
611 61 -1.0
113 1 3.0
156 643 4.1
413 590 -5.0
102 724 5.0
724 99 -2.2
964 794 -5.0
461 354 -1.3
386 818 -3.0
151 230 -4.0
630 936 -2.1
153 112 0.1
820 991 -2.1
885 103 -0.6
697 763 -5.0
881 438 -3.3
620 711 -4.4
917 64 -2.0
299 613 4.0
13 707 -4.0
388 411 2.0
111 287 2.0
244 20 -3.0
500 249 0.9
94 10 -3.0
344 469 2.0
307 330 5.0
933 686 1.0
471 746 4.0
554 867 -3.0
943 755 1.1
677 682 5.0
388 853 1.0
636 495 1.9
278 50 3.8
219 492 -2.0
593 705 -4.0
350 134 -0.4
644 570 -1.6
477 113 -2.7
755 880 3.0
576 481 1.0
60 282 -3.0
867 317 0.0
82 297 -2.0
840 839 -0.2
253 530 3.9
377 233 0.4
10 133 2.1
132 69 4.5
455 213 4.1
669 53 -5.0
467 712 3.8
598 296 -2.7
16 584 -2.1
333 174 -3.0
353 446 4.6
919 722 1.0
575 554 4.0
219 80 -3.0
357 505 3.0
51 843 3.0
15 253 0.4
199 165 -2.0
932 122 -0.0
370 811 2.1
900 493 4.0
413 877 -4.0
950 104 -3.0
418 650 -4.0
686 399 -3.5
503 934 -3.0
911 535 4.5
899 626 4.0
362 473 2.8
275 935 -4.0
635 722 -4.0
22 37 -4.0
453 599 2.2
828 84 -2.0
732 925 0.5
799 789 -0.4
33 523 -2.0
577 568 -4.0
460 648 -5.0
875 232 -2.0
897 167 -0.1
773 632 -2.0
983 285 -4.4
395 973 -4.0
409 558 -2.4
217 534 1.0
160 461 -1.5
606 71 -1.0
601 328 1.0
811 667 1.0
727 759 4.2
749 605 -4.0
833 433 -4.1
848 92 5.0
291 107 1.0
170 835 2.8
721 351 -3.1
360 202 3.0
474 489 -2.0
287 251 1.0
185 72 4.0
462 929 2.5
573 292 -3.4
471 576 -1.0
255 449 0.0
424 124 -3.0
324 49 -4.2
802 790 -3.9
168 963 -3.0
777 226 -2.4
797 273 0.6
707 529 4.6
654 784 4.0
433 351 -3.5
452 289 0.7
642 582 0.0
737 52 4.7
643 750 5.0
272 132 0.6
264 870 -4.1
299 811 4.0
370 813 0.0
803 170 -1.1
459 404 -2.7
81 347 1.0
633 518 2.8
659 698 3.0
359 520 5.0
425 742 -4.7
919 851 -2.0
292 912 1.0
14 515 0.0
572 414 2.8
397 943 -4.0
702 487 4.0
226 344 -4.3
397 667 2.0
286 50 4.5
233 384 -2.5
914 252 -1.0
316 15 -1.5
142 480 -0.4
921 791 0.4
389 348 -5.0
576 719 4.0
804 648 -1.2
564 410 0.1
152 58 -2.0
864 701 2.8
333 395 -1.0
349 725 -0.3
978 132 2.6
326 821 -1.4
810 34 -2.8
102 481 -2.0
554 789 -4.6
784 137 4.0
127 593 3.9
164 710 -4.0
771 684 2.0
264 567 4.0
466 238 3.0
366 745 -3.0
413 778 -2.0
275 893 1.0
452 133 -3.4
809 746 -2.0
210 577 3.4
291 269 3.0
720 253 -2.9
242 806 -2.0
481 932 1.0
570 496 -2.0
317 214 4.0
523 760 -3.0
898 200 -3.1
849 1 0.2
251 9 4.0
104 942 4.0
317 367 -5.0
773 440 1.0
217 952 2.0
31 587 -5.0
276 534 -2.0
404 749 -4.8
246 777 -3.3
897 980 -3.0
996 474 4.0
573 157 -4.0
468 715 4.8
398 77 -1.5
605 292 1.0
501 378 2.2
660 838 3.0
585 576 1.0
287 793 2.8
726 405 -1.4
406 434 -2.9
110 446 1.0
297 334 4.6
473 669 -4.7
266 201 5.0
895 376 5.0
173 839 -2.5
634 558 -1.4
720 321 4.8
672 176 4.5
349 763 -3.0
989 197 -2.0
964 60 -0.8
665 985 -0.1
367 403 2.8
448 59 -1.0
400 232 -4.0
404 39 -2.0
961 755 -3.1
941 461 -3.0
59 973 0.4
794 961 -1.0
103 361 5.0
8 309 2.9
543 891 0.4
822 571 -1.1
549 389 3.9
32 472 -0.8
820 3 -4.9
614 357 -1.5
673 839 -1.0
1 363 2.2
449 893 -1.0
39 971 -0.4
734 5 -4.2
519 848 -4.4
296 683 2.6
521 136 2.5
44 552 -4.0
980 523 -1.8
702 399 -1.0
491 844 -4.5
394 808 -4.0
866 214 4.0
414 592 3.9
459 872 -4.5
134 793 5.0
175 33 0.1
587 594 -3.0
885 378 1.0
603 795 -3.0
277 611 5.0
859 874 -3.0
746 804 -1.0
722 459 1.0
228 65 -2.2
549 979 4.0
562 460 5.0
95 82 4.0
419 188 -4.0
976 989 -1.0
646 611 -0.5
221 761 -5.0
413 388 -3.8
124 460 -4.0
516 700 -3.0
404 686 -2.9
830 638 -5.0
339 160 1.0
320 123 -3.4
626 447 2.0
30 371 5.0
404 423 -3.0
897 123 -3.0
288 666 1.0
951 145 -3.2
861 280 -3.0
16 107 -1.0
168 583 -0.3
963 1 -3.0
238 33 -3.0
618 238 3.0
699 812 0.0
236 729 -2.8
293 246 -4.9
537 740 1.4
548 861 0.7
36 749 -1.1
770 457 3.0
967 37 3.2
993 675 5.0
0 842 1.0
599 431 -4.3
608 36 -2.0
175 872 1.0
27 261 4.0
503 968 -1.0
718 258 -2.0
504 820 4.0
731 774 1.0
871 103 5.0
80 735 4.9
144 581 4.4
672 838 -2.3
190 293 -2.5
921 502 1.0
665 777 4.0
678 328 -1.8
710 475 1.7
935 299 4.6
951 696 4.0
415 735 -0.0
97 612 -0.5
101 163 -2.5
265 271 0.5
120 463 -2.0
966 494 3.2
604 972 -4.0
193 860 2.9
713 821 2.1
76 669 -0.6
940 74 -3.0
185 905 -5.0
29 759 2.9
960 819 -0.0
576 111 -3.9
643 114 2.0
208 265 -0.9
631 889 -4.0
179 595 -0.3
504 167 5.0
591 794 -3.0
552 973 4.3
433 245 4.1
300 850 1.7
275 379 -4.0
745 681 -4.8
186 913 1.0
637 353 2.0
984 509 -3.0
775 590 -1.8
740 917 1.7
771 562 1.0
987 887 -4.7
869 35 1.0
606 480 -2.0
899 197 -0.8
589 529 -1.5
783 234 -5.0
483 571 0.0
542 429 1.0
722 956 -4.1
752 314 -3.0
920 346 -2.0
868 495 -2.8
385 841 3.0
91 144 -5.0
901 821 3.8
772 809 4.9
436 967 -2.0
207 636 -0.8
497 258 4.0
359 213 -1.0
26 977 -3.0
392 981 1.4
706 977 0.0
787 663 4.0
950 678 2.0
562 317 -4.0
537 262 3.0
382 516 -4.0
680 557 -3.0
898 519 0.0
843 39 0.0
507 601 1.0
461 337 1.0
203 121 -0.0
734 458 -1.9
57 367 3.0
370 679 -1.3
912 365 0.2
376 788 -1.1
689 549 -1.0
519 1 0.5
551 359 -2.0
805 114 4.6
391 942 2.0
18 715 -4.0
681 900 -1.0
991 996 -4.5
881 427 3.0
204 840 -0.0
758 367 4.0
755 442 2.3
868 480 -3.5
227 537 2.3
284 97 2.6
701 770 -3.0
833 467 -4.0
470 591 -1.0
899 60 -5.0
636 603 -3.0
347 521 4.0
347 613 0.0
470 247 -4.0
928 741 -1.0
450 591 1.0
385 757 -1.9
952 149 1.0
486 886 4.0
962 977 0.0
305 765 1.0
779 721 2.1
272 828 0.0
547 214 4.0
345 896 0.0
759 433 2.0
638 559 2.0
615 643 4.0
924 875 -5.0
3 967 3.0
556 675 2.0
544 384 -0.5
770 609 2.0
377 345 3.0
851 425 -3.2
321 247 2.6
939 894 0.5
507 884 -0.6
86 4 -5.0
517 373 1.0
917 701 3.1
310 897 -3.1
544 315 0.8
6 319 1.6
214 294 2.0
112 518 -0.6
753 725 -2.0
94 760 -4.9
976 826 -3.0
593 747 -4.0
885 954 3.0
265 276 -4.2
227 385 -3.0
430 823 -1.0
583 86 -0.2
871 845 1.1
51 194 3.0
255 329 4.0
376 984 3.0
877 907 -5.0
215 987 3.9
61 719 -2.0
585 102 1.0
424 838 -0.9
339 994 -4.0
758 302 -3.0
988 72 -2.0
206 848 4.0
385 542 1.6
84 463 -4.0
587 742 3.1
102 621 1.6
82 494 -1.0
734 535 1.0
315 296 -3.2
810 747 -4.4
878 363 -0.0
922 718 -0.0
121 316 -0.2
780 326 4.0
921 467 0.5
308 501 -2.0
524 656 4.0
289 530 1.0
688 113 -0.0
626 602 -2.4
53 942 -2.0
84 876 1.6
897 381 -2.2
780 885 -1.7
541 370 -0.2
159 500 -3.0
45 360 3.8
347 825 -3.7
883 842 3.0
402 402 -4.8
672 521 -2.0
791 534 1.6
902 740 1.0
270 602 1.1
811 584 -1.0
712 572 1.0
905 364 -1.6
2 611 -0.8
483 71 -3.9
538 717 5.0
880 130 2.0
32 694 2.0
683 789 -2.0
416 90 -5.0
464 88 5.0
205 605 4.1
667 533 4.0
16 607 -2.0
451 394 0.1
845 509 3.0
235 500 5.0
992 521 -4.0
711 8 3.6
418 664 -2.0
672 843 0.4
729 786 -3.5
660 697 -1.0
337 558 0.0
373 356 -0.8
543 620 1.4
480 559 2.6
666 201 -2.0
912 883 1.9
132 781 4.4
164 413 5.0
605 653 -3.9
48 64 -2.4
48 335 -1.0
793 345 1.0
835 976 -1.0
652 845 -1.9
518 476 2.4
831 247 -1.4
40 489 3.0
385 57 4.0
487 292 2.6
535 543 3.6
918 3 5.0
408 955 2.0
245 834 2.4
893 306 -3.0
566 165 -1.3
677 583 4.1
532 232 1.0
725 204 0.6
785 242 4.0
85 615 0.0
556 114 -4.5
580 818 -2.0
247 22 0.0
591 966 3.4
276 821 -3.0
144 36 -1.5
190 681 -3.0
714 313 -2.9
955 824 -1.0
859 861 -3.1
64 940 -2.9
326 557 -2.9
799 406 4.6
529 681 2.0
286 746 -0.0
391 742 3.3
550 403 -3.6
975 403 3.1
784 875 -3.0
505 900 -3.5
898 802 0.3
204 924 -1.5
660 845 0.3
43 412 -1.0
151 20 -0.4
603 858 -1.9
854 427 0.0
257 265 -1.0
54 805 5.0
530 749 -4.0
561 916 1.8
155 715 -4.0
170 655 0.0
896 913 4.0
506 987 -2.0
423 826 2.4
547 614 -0.2
822 857 -2.0
334 541 -3.0
43 883 -2.0
793 162 2.6
7 323 1.0
372 124 -4.5
603 130 -2.3
963 245 -4.0
14 831 3.8
915 672 1.0
872 463 4.0
111 740 -1.2
813 982 -1.6
777 254 1.0
322 129 2.3
159 727 -0.0
932 720 -2.0
347 30 -5.0
715 132 1.0
564 373 4.0
731 728 4.3
277 923 -1.5
432 765 3.0
848 605 1.6
208 740 -1.6
956 326 -0.9
496 345 3.9
2 141 2.0
207 928 -5.0
572 172 -5.0
721 260 -1.0
643 249 3.0
615 831 0.0
670 232 3.7
129 695 -2.9
196 21 -3.5
435 686 0.3
406 623 0.0
184 908 -3.0
92 179 3.3
958 104 0.1
866 358 -0.0
130 931 -3.0
175 306 -1.0
834 816 -2.0
6 197 -5.0
397 105 -5.0
778 769 1.2
332 151 0.0
506 100 -0.4
524 357 0.5
242 538 -0.0
365 302 -4.0
41 415 -3.6
250 215 2.0
506 889 4.7
305 977 0.0
102 361 4.7
943 453 1.8
0 544 -4.0
566 521 -2.0
654 678 -3.1
133 488 -2.0
511 347 0.0
445 123 1.0
508 555 4.9
966 638 4.5
571 740 -2.3
263 706 -3.0
244 249 3.7
463 335 3.0
531 661 -1.9
917 44 5.0
110 946 2.0
239 197 3.9
671 820 1.8
972 593 0.0
693 203 -1.0
349 149 3.0
597 577 3.9
978 691 2.0
117 576 3.0
648 981 -0.6
565 782 4.0
838 784 -0.3
899 116 4.9
976 276 5.0
190 591 -2.7
358 635 2.0
267 907 -3.6
342 80 -3.0
531 765 -2.0
361 726 -3.4
894 145 -1.0
996 239 0.0
261 973 -0.0
780 273 3.0
930 920 -2.9
431 7 0.0
966 23 3.8
711 108 0.3
95 994 0.8
397 165 -3.0
436 571 1.6
28 295 1.2
199 637 -4.9
637 509 -3.7
294 567 2.0
684 649 -4.0
350 178 4.8
43 982 2.0
282 352 4.3
69 96 -3.0
964 366 2.9
999 615 1.0
