5000
3.84
4.64
0.64
2.52
-1.94
0.86
-4.66
7.67
-2.56
5.34
-0.08
5.19
-7.09
3.94
-2.27
-8.31
3.35
1.64
-9.75
4.44
-6.83
-6.79
-1.75
-5.2
6.58
9.53
-2.39
-3.94
8.29
0.4
9.29
-5.53
-6.71
-7.85
5.96
0.37
4.25
-4.05
1.23
2.58
-0.91
-9.8
1.1
-2.91
4.53
-5.58
5.29
1.71
8.15
2.37
-7.37
0.93
3.02
7.13
-2.2
7.02
-1.89
2.46
-5.55
7.86
-2.79
-0.13
1.43
-5.71
-2.5
6.11
-2.72
7.85
-4.88
-0.79
1.49
-7.95
-0.31
2.35
3.79
-8.3
-6.79
-0.36
3.8
1.18
2.75
0.55
3.0
1.67
-1.06
3.27
0.74
3.86
-5.75
-1.74
-5.09
-3.31
-4.39
-3.09
-4.84
2.74
0.81
-2.45
-7.81
-8.21
-1.3
-5.85
0.34
1.38
-0.57
-5.41
5.47
2.32
-2.74
-6.35
5.07
2.58
2.26
-1.4
-2.65
-2.29
6.54
6.17
-8.29
-3.17
-2.23
6.62
-2.4
-1.0
5.87
-6.17
-1.1
4.33
0.18
0.78
9.88
-0.44
2.88
-4.56
-4.28
-4.99
-0.38
-8.55
-5.77
1.78
-0.73
-1.05
-6.55
-8.71
-4.49
-9.13
-6.56
2.03
1.62
9.02
-0.09
1.96
7.66
3.11
-0.05
-5.62
-8.71
3.85
5.44
-0.18
-8.16
4.63
7.19
-8.4
8.45
9.66
-0.2
-9.85
-0.48
-7.01
-7.24
8.94
-8.7
-7.71
-5.49
-0.43
4.51
-8.93
7.4
-5.98
7.56
0.41
5.04
3.74
-8.86
-4.35
2.05
-4.5
-4.48
-6.21
-9.58
-0.48
4.04
0.45
8.07
8.43
8.19
-8.06
-1.68
-3.25
0.15
7.31
-7.19
2.98
-3.44
-2.71
-3.67
6.69
-3.52
8.95
0.41
1.97
-7.93
2.75
-8.3
1.23
6.62
5.66
-7.9
8.09
1.03
6.9
-4.67
-1.57
-4.28
5.35
4.2
-4.47
5.76
-5.01
-6.98
9.21
9.42
-7.84
2.32
0.1
-0.48
7.44
5.21
-9.76
1.81
-1.34
-9.41
3.02
-9.23
-1.82
-6.0
4.44
7.77
-2.62
4.94
-1.58
-4.13
-3.09
-8.82
-0.77
-0.6
-3.64
-4.8
3.2
-1.91
-9.63
-7.63
-6.4
9.26
-8.8
4.8
4.67
-1.01
-3.11
0.42
7.51
-4.99
3.27
1.04
-5.3
5.34
5.81
-1.78
4.35
-3.17
-9.24
0.74
8.45
-7.88
-4.27
-3.69
-8.89
-0.23
4.83
8.22
5.21
1.59
4.87
-3.67
-1.99
-2.93
3.44
2.27
-2.23
-9.42
-6.62
-0.92
7.17
-0.7
-2.12
-1.61
4.54
3.57
-3.18
9.08
3.47
1.35
2.54
-1.14
-4.34
0.07
4.17
-5.67
-6.67
4.41
-2.33
-7.19
-3.51
7.53
-8.92
0.66
-7.43
5.42
-5.84
7.36
3.19
0.96
2.74
-5.35
-5.31
0.45
-3.04
7.15
7.55
8.52
-9.14
1.15
8.04
-1.17
1.88
9.4
1.84
-8.34
0.14
-9.21
1.25
-6.22
7.92
-5.4
7.27
2.28
4.82
-0.95
-6.51
-8.81
9.82
-4.49
0.29
6.32
8.06
-5.52
9.46
-7.08
5.17
-8.96
-2.6
6.59
1.28
1.44
-4.17
9.45
-1.94
-6.28
9.29
9.84
-9.33
-7.55
-1.46
1.93
7.26
-8.24
-5.53
2.67
7.5
-6.42
4.92
-8.31
5.71
-3.66
-2.15
8.7
-0.99
-2.82
-2.89
4.53
-7.77
7.92
5.49
2.85
-8.74
-4.12
-0.41
-4.99
-0.26
9.06
8.64
-8.64
-5.95
0.23
-2.23
-4.77
1.07
-3.25
-3.42
-1.85
-4.66
5.14
9.93
5.51
8.55
-6.23
7.28
-5.77
-3.37
4.48
-8.91
7.91
8.66
4.36
-7.23
-9.31
5.85
7.88
-7.38
8.16
5.86
6.91
3.51
-5.15
-2.68
-5.54
-7.77
2.49
-2.27
-5.09
0.57
3.34
-0.48
-1.88
-2.79
-1.89
-2.12
-0.0
3.57
-5.57
-1.42
-3.72
4.69
-7.72
-3.38
-9.32
8.22
2.49
8.82
-9.03
0.18
0.25
-7.65
7.18
-3.68
1.89
-2.88
-4.97
7.07
2.09
-9.89
-7.02
1.98
9.11
6.01
-3.65
5.77
-6.94
9.47
-9.75
7.19
1.24
5.17
-9.26
3.9
3.94
-3.91
-9.82
7.4
-1.77
5.24
-8.5
2.89
7.95
7.11
1.75
8.22
9.17
-0.91
1.46
0.53
5.68
-5.33
5.89
5.31
9.6
-9.48
1.65
9.79
-9.0
3.36
2.01
7.57
-3.58
-1.11
1.12
-2.38
5.62
-3.8
-5.0
-4.06
7.12
-4.76
4.78
2.12
-9.73
-9.98
4.67
-4.95
-5.79
-2.12
-4.98
-8.49
6.35
6.26
1.98
-6.22
4.39
-6.92
7.65
1.99
-4.55
-9.84
5.6
-0.93
-7.23
-7.04
7.06
7.77
-2.23
-9.32
4.6
8.75
3.0
7.07
-3.47
6.49
-5.68
-2.25
4.78
1.19
6.49
-7.62
-1.15
-4.84
5.65
6.21
-0.44
5.09
-1.47
1.84
-7.78
1.63
-6.7
5.87
-7.46
6.79
-0.84
-3.84
-4.46
-2.69
-5.35
6.03
-7.42
0.5
-0.66
-3.95
4.75
2.07
7.19
-0.51
1.98
7.6
-3.54
1.8
6.6
1.32
-0.93
4.35
-1.77
3.23
9.77
-0.21
-5.67
-2.53
5.54
1.74
-1.3
9.51
7.77
3.22
-5.93
-6.41
3.91
-4.44
-8.1
-2.92
-2.04
0.88
-9.5
-2.73
2.18
-9.01
-0.61
-3.52
5.09
1.71
-4.72
0.97
2.64
-8.75
-2.74
3.44
3.38
-3.1
-1.19
-1.98
4.31
7.05
-5.7
-1.15
-4.84
-8.19
0.41
9.0
0.05
-7.91
-4.86
7.11
9.45
-2.22
-0.44
-6.03
3.3
3.62
3.61
-0.09
2.91
3.24
-8.8
9.16
-0.01
-2.91
-0.08
-7.43
-9.06
6.27
6.5
1.05
1.63
-5.49
7.68
4.1
1.15
0.38
8.32
-1.03
-4.48
-7.26
-2.89
4.49
6.07
-0.71
3.25
-2.21
-5.37
8.14
-1.22
0.03
-5.12
-2.37
-0.61
0.62
8.33
5.66
-2.17
-2.04
5.67
5.75
-0.13
7.36
8.21
9.05
-3.35
-3.08
-0.5
5.7
8.55
8.56
-2.1
3.15
-4.93
5.57
-3.09
8.6
3.39
-6.21
-8.62
4.58
6.35
0.97
-4.57
-8.1
5.04
-5.61
-1.41
4.57
-2.83
3.77
-5.75
7.81
4.23
-6.36
7.03
-7.96
7.73
-4.38
2.58
7.61
-4.77
5.72
-5.79
8.84
1.03
-5.37
-5.78
-2.6
7.48
-9.55
4.14
-0.25
-5.14
1.96
4.52
-9.97
8.5
-3.22
-9.15
1.92
2.87
6.59
9.36
-6.93
3.59
6.73
8.71
5.55
-0.22
-4.38
6.24
7.05
7.87
-8.08
-7.59
-1.79
2.84
-2.43
6.28
-6.2
-0.97
-8.91
4.93
2.25
9.73
0.68
5.57
-9.32
7.81
3.85
5.43
-1.85
-6.26
-7.6
3.06
8.09
4.07
-5.82
4.29
8.18
-6.95
-3.45
1.68
-7.37
1.03
-6.24
6.05
8.65
-8.17
7.74
0.18
-8.28
-2.48
-0.13
-2.78
-4.73
-2.51
-2.82
3.95
5.93
-1.63
8.35
-2.95
3.33
-0.01
0.7
7.95
3.12
2.35
7.09
-8.94
4.9
-2.34
-6.0
9.08
-6.26
-2.4
9.34
-7.52
-5.95
-8.3
4.41
4.87
1.54
1.73
6.93
9.54
-2.29
-1.54
-6.76
-6.49
8.91
-5.39
2.33
7.58
-6.35
-1.64
3.89
-8.62
-5.07
4.08
-9.87
3.49
5.73
8.16
-0.58
9.08
-2.89
-6.71
-0.57
5.6
-8.31
3.74
3.66
5.79
4.05
-1.13
5.64
-4.72
3.66
8.36
-4.15
-8.92
5.23
5.71
-7.12
8.26
4.95
8.23
3.69
0.58
6.11
8.69
-2.01
-2.31
-4.37
3.79
3.61
-3.03
0.28
7.9
2.26
8.77
4.72
-9.28
3.3
8.36
2.46
8.08
-5.78
-2.18
-3.28
3.8
-6.87
1.52
3.97
8.61
-7.93
-2.01
-6.94
3.98
-3.01
3.86
6.46
-0.4
-3.45
6.68
-5.43
9.38
5.03
-0.96
-5.12
-1.08
8.73
-5.66
2.72
-5.39
-5.44
2.98
-1.11
1.55
-7.1
3.87
0.5
-6.61
-3.14
-1.83
8.5
-9.31
-2.26
-8.56
1.84
-0.61
9.73
-8.15
-9.29
-2.43
7.1
-7.4
-9.95
-5.73
-5.16
-0.51
-4.46
8.45
1.96
8.71
-6.08
9.65
-4.54
-7.99
-1.02
8.29
-0.04
6.36
4.99
0.67
3.07
-9.14
6.44
-6.95
1.83
-7.43
-4.44
7.11
0.18
3.32
-1.15
-6.94
-2.8
-4.44
-5.43
3.76
-9.18
2.94
-7.0
-5.8
9.04
9.71
-2.36
4.58
-8.86
9.98
8.97
4.56
-9.99
5.88
1.51
-8.74
4.09
-8.95
8.62
1.4
2.24
5.92
8.55
-9.85
7.82
9.52
-0.51
8.65
8.85
3.45
-8.81
0.11
8.44
-8.36
-1.21
9.99
8.24
-3.74
-0.14
3.75
-1.78
-2.95
-0.67
-1.27
-6.1
-4.39
6.49
2.88
-5.61
-2.55
-3.86
-3.71
4.16
-0.07
-9.33
7.27
-6.11
-4.93
3.76
-3.93
0.27
4.69
3.07
6.16
-1.82
9.25
-1.12
6.81
7.36
-4.54
-2.16
-2.49
7.2
5.2
3.67
-7.24
9.46
7.48
-5.01
-3.25
-3.54
-3.24
-4.4
-3.35
0.0
-4.72
5.68
5.11
0.35
6.11
-7.13
6.46
9.5
2.85
-8.55
3.9
-4.62
3.19
4.79
8.93
-4.61
2.28
-8.73
0.44
-7.68
-4.78
-6.2
-0.03
-3.6
-3.7
4.11
0.7
-0.85
-1.65
0.6
-7.33
-7.61
-2.37
2.8
1.01
5.88
9.39
-3.49
-3.68
3.4
-6.51
2.37
8.97
7.7
9.05
1.03
7.14
-5.23
-2.57
-1.41
-8.53
-6.65
0.01
1.78
2.19
-6.17
-8.49
8.67
-3.77
-0.57
9.1
-6.41
-5.6
1.19
-6.69
-2.41
5.77
3.01
0.32
3.72
-4.54
-9.66
4.73
8.89
-1.86
2.32
5.59
5.97
7.16
-6.68
-9.88
-2.18
-2.47
2.4
7.96
-1.41
-5.88
2.0
0.84
-2.28
0.13
5.52
-1.68
-0.6
-1.06
5.78
-8.67
6.77
8.29
3.83
-6.23
-8.88
-9.63
2.54
-3.05
4.81
0.43
6.3
4.84
7.13
5.81
-4.81
4.0
1.53
7.28
4.16
0.35
8.41
-7.3
8.92
6.1
-1.65
6.38
-8.83
-1.57
-4.85
-3.12
1.5
9.98
2.19
-7.98
4.63
-5.98
7.43
2.56
2.11
-7.85
8.67
-3.88
1.0
3.27
5.86
-2.55
0.79
-9.2
-0.26
4.45
2.82
8.55
5.2
7.63
-3.47
-8.86
-6.66
-9.88
-3.95
5.83
-9.05
-2.75
5.25
3.87
-6.76
9.8
2.03
7.65
4.51
-7.38
-7.57
-8.24
-2.05
9.6
6.32
-9.15
6.1
2.63
2.72
-7.39
-8.1
6.62
4.37
-5.97
9.96
2.14
4.09
4.27
-0.35
-4.67
9.46
-4.15
-8.29
-1.88
4.72
7.06
5.69
2.37
5.89
-7.28
-6.31
-0.43
-7.08
-0.26
-2.09
-9.28
5.53
-4.83
1.49
9.64
-2.16
-8.26
-7.16
-2.31
-10.0
5.74
-9.74
7.8
7.15
1.74
-0.14
3.61
-8.96
2.37
7.78
7.77
3.02
-0.5
4.71
-1.96
4.34
1.63
8.73
-4.88
2.44
-4.04
6.67
8.56
6.65
-5.18
9.75
2.24
-0.64
-5.71
7.24
-2.35
-3.04
-3.49
6.12
9.56
7.95
4.63
6.21
8.11
-0.76
-1.0
4.28
-4.31
9.61
9.05
-5.16
4.1
-0.02
-0.61
-9.52
3.68
-3.45
-2.87
-7.97
-3.0
-0.81
-0.41
1.14
-6.12
3.23
-7.44
-5.53
6.12
-3.69
9.59
-5.7
-5.11
7.01
0.93
1.24
3.66
-2.29
-7.33
8.77
-4.53
-8.69
2.38
-8.36
0.53
7.85
-6.43
4.87
-3.81
1.58
-4.09
-5.0
1.67
7.56
0.74
-8.19
-6.09
-6.12
-2.27
-5.01
-2.9
2.09
-9.12
-0.46
5.84
-5.84
-9.77
-5.59
-4.6
6.63
0.76
6.99
7.2
-5.4
-1.18
-6.49
0.96
-0.14
-5.19
-0.96
2.46
-4.49
1.17
3.64
-4.23
8.27
-6.12
5.04
-9.34
0.88
-0.8
5.52
1.3
8.98
-9.06
5.52
1.48
-1.81
-2.73
-7.28
-0.31
-3.51
9.72
-5.94
-4.23
-8.99
0.63
3.36
5.43
0.13
6.38
2.01
-1.78
7.45
7.95
1.16
-1.38
-7.01
-1.41
-5.95
5.77
-7.56
-1.32
0.56
-0.85
2.39
3.45
7.55
-1.04
-6.01
1.63
-9.98
-8.68
-6.83
3.86
-7.09
-1.28
8.78
-6.13
-8.98
-6.46
7.69
-6.93
-1.66
-3.14
9.17
-3.76
-5.27
4.8
1.22
-0.07
-1.98
1.91
-3.64
-4.8
3.65
3.21
-9.65
4.29
6.02
4.53
6.2
-8.19
-3.93
7.51
5.44
-3.04
-0.53
0.14
-3.96
3.74
7.07
-4.51
9.14
1.44
-8.65
-3.71
3.98
-5.54
-0.1
-6.69
2.49
-1.13
2.86
-2.61
0.11
3.38
0.86
5.54
-8.07
3.83
8.42
-9.95
8.31
7.12
9.7
-3.52
2.89
-1.85
0.03
0.8
-9.41
-0.37
0.45
-3.03
-3.69
7.26
2.18
-6.63
8.58
0.47
6.06
-4.76
7.9
-7.51
-1.79
8.28
1.51
-2.13
0.96
-2.79
2.19
-2.33
1.77
-6.64
3.22
3.89
3.75
-5.69
1.55
-4.03
-0.05
-9.93
1.66
-3.31
-7.54
-9.06
-0.71
-2.72
1.5
-9.61
8.9
4.89
-1.74
-7.92
9.91
-0.62
-3.82
6.75
-4.68
-5.61
0.87
-4.08
4.28
-7.29
8.93
9.42
9.45
-0.13
-2.35
2.48
3.49
-9.92
-5.45
2.74
-2.47
-0.61
2.51
-6.56
-3.7
-6.21
5.59
-7.73
-9.3
8.69
-8.21
-7.85
-3.74
2.84
3.02
-0.88
7.92
8.62
-3.15
-9.98
3.81
-7.91
-3.73
-9.38
-6.36
-3.04
5.86
1.25
0.7
5.5
-7.0
5.34
-1.38
0.38
7.31
-9.32
7.61
7.11
7.89
-7.16
0.28
0.82
-2.25
-3.15
4.41
-4.3
8.1
8.65
9.15
4.12
-3.46
-2.44
8.42
5.28
2.12
-8.99
0.55
9.85
-3.89
-9.79
-1.94
-8.82
7.41
7.59
-2.09
3.23
-9.75
6.7
-9.94
5.42
2.22
-1.12
-4.84
-2.59
7.02
-3.53
2.21
4.46
-3.69
-2.44
-4.9
-8.4
-4.01
1.94
3.41
-0.21
-7.45
9.79
-8.9
5.91
1.85
9.76
-1.61
2.98
3.82
0.35
-7.18
-5.49
8.13
-6.49
-5.29
-3.13
0.38
7.44
3.1
-6.7
6.52
-6.31
2.24
5.69
-7.73
8.82
9.98
1.49
-2.34
-0.97
-2.54
-1.49
-0.23
-2.44
9.24
-6.24
0.14
-3.06
-8.34
-5.72
3.39
9.0
3.1
5.21
-9.16
-4.38
9.04
-3.4
4.42
8.32
-5.92
-9.85
7.99
4.48
-2.9
7.52
-2.7
-3.98
-7.23
-3.93
-2.11
9.23
5.04
-2.98
7.16
-4.35
5.82
-6.06
-3.06
-2.88
7.0
7.7
-9.47
-1.34
3.73
2.26
8.59
-8.88
9.42
-1.39
2.4
2.76
-8.3
-3.62
0.2
-5.06
6.83
-7.86
9.12
5.33
-5.03
-4.65
7.37
-1.96
-7.77
-7.58
1.83
2.24
-1.7
4.88
7.04
-1.09
-2.16
4.71
9.34
-4.38
-9.6
4.93
-7.03
0.11
-8.03
-3.48
9.44
-5.17
-5.18
4.02
-4.0
-3.75
4.18
-6.85
-9.83
8.26
9.79
-7.42
-1.11
-2.14
-7.08
-5.4
-6.95
-2.56
-0.74
-7.23
4.51
-4.71
-9.48
0.0
-4.35
6.87
-8.98
5.07
4.87
-2.86
-4.35
-2.53
-5.58
9.26
0.76
5.19
-2.32
1.92
7.61
0.03
-7.55
9.69
-5.33
-1.65
-2.68
4.14
9.06
3.15
4.32
-8.36
-4.24
7.16
8.73
-5.98
-9.24
8.68
0.62
3.74
1.35
4.48
-4.98
9.54
0.72
-2.36
-9.48
9.78
-8.76
-2.71
-7.52
-4.61
-3.76
0.92
-4.8
9.33
3.72
-9.21
5.26
-0.76
2.6
-7.57
6.47
-1.18
0.82
9.41
2.55
-1.2
-7.53
7.24
-7.42
1.44
0.94
-9.25
-1.87
4.65
1.37
-5.67
-0.67
5.29
-5.39
-2.77
8.66
7.04
-7.41
-6.51
-5.4
4.65
0.12
8.61
8.93
5.06
1.87
1.14
-2.6
8.05
1.63
-4.92
9.21
-6.66
0.23
2.61
-2.95
-9.06
-1.47
7.87
4.23
0.34
0.39
8.46
1.54
2.54
3.42
7.65
7.96
-0.23
-1.31
9.31
2.2
-9.39
7.87
0.26
1.79
-5.99
4.42
9.15
1.77
8.59
-7.27
-0.67
-4.88
9.57
6.63
1.81
1.59
-0.75
4.16
-7.65
4.61
-9.79
3.07
-5.34
3.5
-5.74
-6.18
1.53
-5.47
5.68
-0.19
3.31
-8.0
-8.28
8.67
-0.71
0.79
5.86
-8.15
8.52
7.86
-8.13
-7.23
8.64
-1.34
1.99
-4.67
-6.07
1.66
4.05
-5.05
-9.6
8.85
8.58
-7.28
-7.14
3.49
3.35
2.98
4.99
4.17
-5.68
6.77
2.48
7.49
2.32
-2.03
6.02
0.74
-4.48
1.46
-2.51
-6.82
5.62
1.43
7.04
9.01
7.96
0.4
2.43
-1.73
1.05
-0.23
-2.43
5.94
5.68
-4.39
2.21
-6.22
-8.65
-6.1
2.9
-4.8
9.96
2.9
-0.13
-0.6
5.14
-6.02
-0.12
2.99
-2.34
-3.45
9.75
-0.92
-3.34
8.9
3.13
-3.2
6.09
-7.46
5.9
3.62
2.97
7.95
6.47
-2.84
9.12
-9.22
9.92
4.5
9.34
2.53
-6.0
1.29
-6.06
2.69
-2.39
-7.59
3.15
7.58
-1.75
8.81
7.22
9.75
-5.77
1.58
-6.91
7.96
-5.66
0.88
8.84
6.76
-9.57
-2.97
-7.22
5.2
0.19
9.3
7.28
9.91
-5.5
5.91
-7.92
-6.86
1.52
-4.93
5.91
-2.85
-3.67
3.24
-4.79
-5.26
-9.4
-1.37
-8.87
1.51
4.57
7.92
5.49
-5.87
-5.9
3.99
-4.2
6.58
-1.37
9.09
-2.91
8.16
1.93
-2.11
-3.36
-6.91
-9.99
-0.76
6.86
8.12
6.57
-6.08
-2.81
-1.98
-0.35
4.32
-0.69
0.63
-8.7
9.48
-6.61
-1.54
-6.21
-1.45
8.16
8.78
9.42
-1.12
-7.1
4.89
-4.37
-5.34
9.96
-4.11
2.18
-9.04
6.0
4.86
-4.2
-8.19
8.46
-0.66
6.02
7.89
4.3
6.87
9.55
9.62
1.3
6.12
7.97
9.94
-9.32
7.64
-5.24
-5.04
-5.41
8.31
8.1
4.1
8.41
6.05
1.61
-7.27
-8.2
-8.32
-2.48
-0.15
-5.35
-1.26
8.66
5.68
7.31
7.12
-6.16
8.48
-4.44
4.79
-9.25
-6.73
1.96
7.62
-3.72
-9.5
-1.05
-8.66
1.59
4.15
-1.3
3.77
8.84
6.54
6.48
-5.24
-2.67
8.59
-8.91
2.88
-6.49
5.91
2.08
-9.3
3.76
7.14
8.32
-2.5
-8.5
-9.89
-6.44
-8.33
-7.0
2.89
3.86
-6.66
8.7
-6.64
3.35
-5.96
8.91
3.78
9.29
-9.93
1.81
1.58
-9.0
-3.8
-0.37
-7.29
2.79
-6.63
-3.35
1.68
-4.24
8.77
-8.59
4.57
7.96
-0.54
-2.59
7.62
6.85
-3.67
8.41
4.88
-1.09
5.51
-5.78
6.63
4.64
-8.83
-6.51
8.17
8.55
5.74
1.08
-3.8
1.38
-2.04
3.83
1.27
-2.34
4.55
9.8
4.34
4.73
3.74
1.69
-9.51
-2.31
-2.82
1.02
-2.77
-7.84
-6.65
5.56
-7.97
7.37
8.13
1.95
6.7
-2.71
-2.08
-8.7
-6.69
4.63
0.02
-8.21
6.38
-6.37
-2.21
6.58
-8.32
1.73
3.11
-2.84
3.66
-1.86
-4.06
-5.47
-7.91
5.68
-5.26
-3.57
8.59
-8.54
2.98
2.49
8.33
2.62
3.95
-3.82
1.18
7.83
9.53
6.92
3.85
-0.46
7.63
4.24
-4.69
-6.24
-4.39
-1.35
-6.56
3.56
6.03
7.29
-9.78
9.4
4.75
-4.76
5.31
-3.75
-9.36
2.63
2.47
-9.17
7.7
-1.82
8.27
-2.73
-4.17
7.96
-7.35
-6.14
-6.42
8.79
8.4
6.81
-3.86
-3.0
5.37
-6.49
5.86
-9.85
7.19
-2.29
8.61
3.81
-7.23
-9.03
-1.72
-1.04
-5.26
2.3
-5.22
8.06
8.47
3.84
4.35
8.1
4.41
0.9
-5.19
9.65
9.12
-6.26
2.35
-9.56
6.27
5.43
8.25
3.05
2.19
9.39
6.51
-5.79
-8.51
-9.84
-0.9
-6.29
-9.15
8.19
4.77
0.42
-8.65
5.0
-7.0
5.48
2.18
-2.73
-4.38
5.8
8.58
-8.03
-3.96
-5.16
9.89
5.56
-1.59
-2.62
-1.84
0.82
-1.28
8.18
1.21
6.83
5.19
-2.99
-4.76
8.51
-8.75
9.06
7.58
-0.39
-5.07
-5.05
-1.27
3.66
-8.46
7.64
-2.52
3.49
-4.16
-5.1
9.95
1.08
2.65
4.23
2.11
-0.0
-7.45
7.11
7.6
-7.47
8.99
3.24
-6.11
-4.73
-7.0
-1.2
-7.95
-8.32
-4.01
9.03
-4.94
0.42
6.19
-4.2
5.71
-0.3
-3.76
3.48
8.91
8.82
0.96
-2.71
3.18
-7.82
-7.69
9.34
0.08
4.16
0.75
3.73
-4.81
-3.75
8.42
0.39
0.61
5.73
-8.84
-1.57
7.62
7.84
1.57
2.89
-1.27
-3.34
3.86
-9.19
-5.31
-1.67
4.52
4.73
-2.37
-0.56
-1.17
-0.36
-8.34
-7.91
5.55
-1.83
-7.23
-1.76
7.75
9.92
8.63
-3.87
-5.56
2.04
0.08
4.78
0.17
7.14
2.77
0.2
6.4
3.95
-0.55
5.37
1.05
4.34
-6.39
-7.03
-8.44
-8.88
-1.21
1.0
-9.54
3.2
5.07
-9.16
-5.02
-4.74
8.86
9.02
-0.57
-8.48
-5.21
-5.27
2.78
0.91
-4.75
-0.73
-3.21
-9.09
-8.51
2.08
-3.64
1.15
-7.14
9.0
5.61
6.17
5.02
-4.68
7.49
-1.71
3.86
-8.55
3.14
-7.25
4.7
6.58
-9.9
7.85
4.88
-2.56
-3.23
2.57
5.07
6.28
6.22
-9.78
6.33
-4.34
-2.7
9.2
6.44
0.62
1.67
6.58
6.74
-8.06
5.58
-5.79
7.59
7.92
-0.4
-6.25
-5.39
-2.47
7.07
-9.35
-5.82
-9.22
1.32
-5.25
-8.12
3.08
-4.68
-4.51
3.65
-8.32
-1.15
8.5
-0.55
-9.26
7.6
1.29
-6.79
6.01
-2.15
8.1
4.54
3.09
-7.33
-8.96
6.68
9.97
-2.07
5.65
-5.14
-3.72
-5.18
5.66
4.11
6.59
4.39
-5.18
-1.14
4.56
3.54
-0.16
-4.65
5.13
0.23
7.26
-4.68
3.26
5.96
-6.05
-3.64
9.27
9.81
4.06
1.42
-5.33
4.05
3.01
-0.52
-4.26
10.0
2.48
2.41
3.17
7.16
-5.15
-2.79
-5.49
-3.93
3.85
-6.79
-9.16
-3.57
-8.71
-4.03
-6.85
-7.1
5.76
-6.12
-5.16
-8.94
-9.47
2.52
5.91
-7.64
-4.58
-9.84
6.59
-4.01
-8.01
-1.11
3.83
-9.48
-5.77
-7.59
9.41
7.91
-9.54
8.21
9.63
0.39
3.07
2.24
-1.87
6.31
9.38
8.32
-7.17
-8.59
5.59
-9.04
9.88
-0.27
-6.54
-5.09
-7.6
-2.52
2.15
9.3
-2.11
6.38
-0.64
7.22
-1.78
-9.74
-9.77
-1.81
-2.46
8.58
-0.11
4.72
4.34
-2.05
3.05
9.57
6.06
5.2
5.2
6.13
-5.61
-0.85
-6.71
1.97
-5.08
-9.9
-7.03
1.98
-6.04
1.91
1.59
-0.39
7.86
-0.68
-2.47
-9.18
-2.91
-7.17
9.0
8.64
-5.29
2.17
-7.6
-8.49
3.82
-6.1
7.05
0.77
-9.54
0.43
-9.31
5.31
-3.19
-6.85
-2.68
-1.09
-3.81
-7.6
1.11
0.08
-4.7
0.08
-7.19
8.5
8.47
-1.43
-1.54
8.68
8.12
0.16
1.32
-8.28
5.05
-0.29
3.77
-0.97
-7.19
-3.91
-8.03
-6.84
-2.27
-8.78
1.79
-8.19
6.52
-2.53
-5.56
8.2
3.44
5.01
8.88
6.17
4.04
-8.99
-3.25
3.56
5.57
8.04
3.65
7.8
-3.82
-7.62
-3.33
2.8
1.98
-7.34
6.84
-2.1
7.33
-8.6
-2.25
-6.4
8.87
7.08
-6.87
-7.29
-0.46
5.72
-8.28
-3.89
6.33
9.67
8.12
2.87
5.2
-9.24
-4.09
6.78
-6.01
-4.35
-1.99
-1.08
8.18
-4.65
-5.26
-4.12
-3.46
4.5
-4.15
-2.73
2.15
8.29
5.75
8.12
9.77
8.39
-4.66
3.78
9.66
8.86
9.73
3.9
-8.77
-3.49
9.25
-2.76
6.69
7.94
2.91
-8.21
4.87
7.02
8.88
9.21
1.41
-3.36
4.06
-1.0
1.51
-2.65
-5.58
5.38
7.58
-4.57
7.36
4.52
-0.06
8.8
-8.0
0.93
-6.69
-7.12
8.79
-6.12
0.03
3.99
-3.78
0.35
-0.34
-0.15
4.32
-9.23
-9.29
-3.36
-8.2
8.1
3.47
-8.99
-0.0
2.99
8.01
9.42
6.97
2.79
-7.6
-5.47
1.69
-4.15
-1.76
-0.75
6.31
8.31
-0.38
-0.48
-8.51
3.85
5.26
-0.38
-7.11
4.42
2.02
-4.18
2.99
-6.01
-5.67
-5.88
-5.74
-8.28
-3.48
7.34
1.91
5.97
-4.3
-4.02
5.43
-2.81
9.97
-7.7
-5.03
9.85
6.9
7.44
-8.62
-2.54
-4.6
6.17
-5.85
6.97
-3.69
-2.76
-5.06
-4.26
7.28
5.91
2.91
-2.5
-7.47
-9.27
8.15
7.55
4.35
7.22
-5.78
-7.48
-5.29
9.99
3.7
0.5
-9.12
-8.77
3.42
4.28
0.51
6.59
1.97
-9.94
-2.42
-0.65
0.57
-4.66
-0.65
7.27
-7.59
-0.49
-8.37
0.1
1.87
7.74
-8.56
9.3
-5.98
6.0
-4.17
-4.41
2.2
9.06
6.2
-6.47
2.4
6.66
-1.56
-5.89
7.62
5.09
5.39
0.28
-4.73
-7.47
-4.15
7.95
-0.83
6.6
5.46
1.54
7.19
-1.43
-6.6
-9.06
-5.13
-1.24
-9.99
-3.17
-0.85
8.86
-9.48
8.09
-9.71
-4.25
9.46
1.07
-0.53
3.16
9.99
2.03
1.8
4.4
-0.61
-8.77
-5.82
6.17
-7.89
4.3
5.44
0.75
9.28
-7.31
1.24
9.33
-4.92
0.83
-0.34
6.06
-2.41
9.06
-7.38
-9.06
-9.33
-9.0
5.21
-9.17
5.73
-8.35
-5.29
-2.34
-9.52
-5.23
5.74
2.03
-0.3
-7.29
-0.41
-2.04
7.05
4.69
6.42
-8.48
-8.79
5.64
4.87
-2.07
-5.19
6.41
-4.4
-6.24
-2.48
8.21
-1.32
5.96
4.73
8.58
-8.58
-4.51
-3.18
-8.18
7.22
-8.91
1.89
-6.25
2.65
-3.04
6.32
-5.57
-6.61
-0.74
9.06
-0.67
3.9
-4.8
-6.8
8.3
-4.64
-1.95
7.27
-8.23
8.86
-6.3
-6.67
-3.61
-7.79
6.01
-3.82
-3.03
4.71
-0.52
-0.6
-8.27
-4.97
5.92
-2.03
-6.33
-3.78
-9.46
-3.46
3.64
4.03
-5.59
4.11
-7.2
-8.46
2.11
0.49
8.87
-1.96
-9.04
4.51
-1.16
2.11
1.94
0.66
6.03
-1.25
5.21
4.09
-5.9
6.49
-6.65
1.71
-4.73
-3.66
-1.66
4.81
-6.09
-4.99
-7.29
-8.45
-6.99
-6.15
9.87
-4.89
-5.4
9.65
-9.64
-2.78
-4.75
3.32
-8.15
-5.37
6.44
-4.8
-0.43
-0.18
4.89
-4.55
7.45
-6.55
-1.86
-7.97
-0.09
-4.27
-2.19
6.51
-6.15
3.7
-0.08
-7.75
-5.83
-0.64
0.56
-6.21
-1.0
-5.77
2.41
-6.95
-2.3
1.05
-5.08
-0.53
2.12
9.03
7.28
6.91
4.9
6.63
2.71
-7.78
-1.67
-6.11
-6.85
-4.79
-8.99
-0.25
3.62
-4.75
0.13
-9.36
-6.54
7.51
9.42
2.85
-6.52
9.13
0.24
9.36
-9.38
-7.35
-3.65
7.88
7.2
-9.73
-3.47
3.17
5.57
1.27
9.2
3.59
-6.99
7.77
-5.0
-8.94
-2.49
6.66
-4.3
7.87
-5.55
-3.61
4.8
-8.76
6.32
2.65
-2.84
-6.33
5.73
6.78
-0.36
-8.44
-8.12
-8.1
-0.14
9.65
3.62
3.51
4.25
3.27
9.84
-7.35
-5.74
-4.63
0.5
-3.15
-8.84
7.39
-5.46
3.52
7.33
-1.85
9.52
-1.78
-8.42
-7.15
2.76
-0.15
2.43
-1.23
8.05
-6.52
8.77
9.14
-9.44
-6.23
0.99
-6.31
6.82
6.25
2.78
3.91
0.24
-2.99
-1.43
0.71
4.99
-8.12
5.2
-2.72
-7.24
9.42
5.13
-9.0
-9.64
4.33
2.57
-1.87
-5.4
-8.23
4.69
0.24
7.23
-6.77
9.49
8.11
0.82
-3.77
4.09
-4.28
3.48
-1.74
-1.28
6.22
-6.43
7.86
5.18
7.1
-4.15
-9.85
9.04
-5.66
-9.11
-7.66
3.82
7.62
-5.73
0.97
3.98
-8.42
-9.11
-6.16
-4.26
7.98
-5.82
9.94
-6.85
-7.82
8.41
-3.2
-4.18
-2.56
-6.02
-3.43
3.61
8.57
9.63
9.99
5.12
-2.59
7.18
-9.4
-8.55
6.9
4.32
-9.39
-4.71
-9.44
-8.29
-1.8
-8.09
-8.18
4.33
-9.43
4.25
-2.98
-5.89
1.94
8.61
6.1
5.28
-3.53
-4.15
-4.49
-6.83
-9.42
7.96
-8.9
8.28
5.91
-9.55
7.55
2.56
6.75
9.72
-1.3
7.53
-8.5
5.95
7.0
5.01
4.98
-9.23
6.62
-3.2
1.1
2.46
8.26
9.73
-0.68
-2.33
1.06
9.1
-6.01
9.65
-1.58
0.2
-4.73
8.26
7.07
-4.1
7.91
4.97
8.17
6.71
-7.8
-0.08
-8.5
2.31
1.42
-7.86
-8.21
-4.15
3.39
2.7
5.45
6.7
3.63
7.78
8.71
9.94
-1.5
-8.95
-6.28
-0.86
-8.38
-6.97
-4.74
-4.06
9.39
-3.69
-6.66
3.71
-4.05
9.99
-4.87
-9.65
4.8
-8.04
9.19
-0.94
2.59
-2.35
3.92
9.65
-3.84
9.2
0.97
-5.01
-4.25
1.36
-1.21
-5.86
6.07
1.09
2.88
2.14
1.0
6.66
7.58
6.98
2.95
-1.44
5.21
5.33
-7.48
0.26
-4.37
8.84
-1.85
-3.27
-4.89
6.76
0.66
-4.46
7.99
0.93
1.69
4.38
4.94
4.15
3.12
-9.81
-6.7
-2.98
-3.93
5.34
-2.37
6.04
-8.1
6.37
8.95
-1.78
6.15
9.42
-3.91
-2.07
-1.96
-2.86
6.38
2.4
7.91
-9.28
-1.04
8.5
3.33
-9.56
1.6
6.84
5.69
-5.46
1.46
5.01
-1.6
3.31
-2.7
-5.11
4.32
9.02
-8.82
0.18
-2.68
1.53
7.19
-3.74
-8.42
7.91
-5.43
4.06
4.46
3.64
8.29
4.32
6.77
3.88
1.09
5.26
-0.23
-3.02
-2.63
5.01
4.15
-2.18
-6.8
6.84
6.14
7.97
3.47
-0.23
-8.0
6.75
-7.05
4.18
-6.05
-2.84
4.35
9.36
0.2
-9.1
-0.48
-2.57
-9.35
6.9
-7.73
3.7
-1.8
3.73
0.6
3.02
3.3
2.69
-6.24
2.47
6.57
7.22
8.64
9.7
7.89
5.7
-7.11
1.25
-7.63
8.16
-5.54
-5.73
4.58
-6.57
-1.15
-2.73
-3.6
-3.17
4.99
8.6
6.07
6.97
-1.7
4.08
-0.96
-6.7
-4.44
3.98
1.76
-4.68
0.4
-0.13
-2.41
-4.56
-4.58
-3.77
-8.69
-0.21
9.01
0.37
-9.16
9.91
-7.28
-5.67
-2.34
-5.03
8.21
-4.65
-8.67
-5.94
-6.94
-1.74
2.04
-3.7
2.16
2.07
7.15
1.9
-7.18
3.22
-3.11
-2.57
4.81
0.74
7.45
-5.73
0.38
4.65
2.11
7.1
7.43
-6.62
-5.19
2.38
-8.15
8.49
7.96
-8.56
-8.17
1.9
1.78
7.96
3.12
-8.81
4.47
-7.25
-6.29
-4.87
6.08
1.07
-4.38
-4.12
7.2
2.92
-3.32
-7.12
2.54
-4.63
6.19
5.25
-7.99
-3.02
0.36
-6.37
6.81
4.68
3.26
2.93
-1.72
-7.88
4.18
-9.6
6.13
3.38
7.88
3.58
-6.13
0.48
8.44
5.58
-3.02
7.96
5.99
6.02
-5.42
-6.51
8.52
-8.26
2.39
3.11
2.57
5.0
-0.05
-2.34
9.23
1.79
-4.77
0.42
-8.16
8.48
7.28
0.49
-7.2
0.02
-9.22
3.49
-6.85
-1.33
-4.0
8.79
7.13
-9.53
-3.53
-1.35
4.66
5.5
4.42
-2.41
3.63
6.46
-5.85
6.91
-4.84
6.11
4.94
7.54
-2.69
5.69
9.29
-7.19
5.33
-9.42
-9.99
3.13
5.73
1.01
-5.88
4.67
-6.76
3.09
-0.22
-8.5
3.32
1.84
4.57
-2.71
-3.1
-6.25
9.37
-7.16
-6.49
-7.45
-2.78
-5.0
9.84
2.17
-2.37
10.0
-9.71
6.27
-4.19
8.22
8.04
-6.98
-2.17
-2.85
-9.15
-1.99
5.04
0.29
3.08
6.01
8.29
2.88
-0.98
-2.74
-3.91
-7.64
4.05
7.83
-3.57
2.89
2.82
3.76
-6.6
-7.39
-3.11
-7.63
-8.7
8.68
-4.25
0.78
6.92
9.05
-9.9
-4.63
-9.38
8.96
4.82
-7.72
6.85
9.08
-7.93
9.24
2.29
-2.42
7.31
-4.54
1.87
-0.4
-2.96
9.94
3.15
1.7
-6.06
5.42
-3.22
-4.61
7.61
9.43
8.79
-3.24
1.31
-2.08
-9.62
-3.46
3.02
-8.47
-2.05
5.63
5.62
1.56
4.95
-9.97
-0.08
4.0
9.38
-6.84
-5.61
-1.5
3.98
9.04
-9.57
-5.69
-3.59
9.87
-5.3
8.28
-2.61
5.66
4.33
2.35
1.91
6.75
7.85
-3.31
-2.98
9.02
-8.87
-6.53
6.45
-3.93
-1.54
-1.98
-4.63
-3.97
-1.52
6.36
8.13
-0.38
-1.7
-4.58
9.43
-0.31
-1.89
-0.06
-4.56
0.36
-6.39
9.9
-9.44
-8.47
-0.68
3.15
-3.73
2.03
5.13
6.18
-0.97
0.49
6.05
9.49
-6.88
0.06
-8.76
2.42
3.07
6.35
-2.29
8.41
-1.51
7.49
-3.82
-7.22
4.52
3.41
2.64
0.74
7.26
-5.34
-4.62
-9.76
-9.54
7.77
-2.34
8.52
6.19
4.25
6.39
5.28
1.4
-1.52
0.45
-5.9
9.89
-9.16
9.66
-9.51
4.57
5.22
5.55
-5.16
3.32
-7.12
1.13
8.62
9.75
-0.96
-3.69
-3.07
8.18
-2.56
-7.79
7.11
-6.74
9.44
-2.57
-6.78
9.85
-9.67
-1.56
-4.06
1.42
-3.66
5.39
-4.77
-2.67
4.47
-9.01
3.63
7.14
3.07
-7.32
7.22
6.68
6.09
-7.8
8.4
-6.79
9.96
-1.11
1.49
7.21
5.43
-7.73
7.05
6.79
-4.47
-8.04
7.47
-8.74
7.71
-4.25
-1.16
4.09
7.34
-1.88
7.33
2.39
0.08
3.77
5.46
4.14
-0.62
7.58
1.44
3.65
-7.5
-1.11
-1.24
9.05
9.31
0.62
5.91
-8.9
3.29
-1.29
-0.61
-0.69
7.01
2.91
2.68
-7.79
-5.71
-4.22
-1.39
3.07
-0.55
8.04
8.8
-7.21
-2.23
-3.12
4.92
7.01
-5.09
-7.33
-8.41
-5.7
8.96
0.36
9.57
-2.79
-7.35
4.4
-5.77
-6.22
2.88
7.51
4.16
8.19
6.36
-0.53
-3.21
8.32
4.96
1.3
-1.24
2.52
-6.36
5.03
-6.03
7.03
-6.02
-4.11
-3.46
8.32
-1.52
0.52
8.53
-0.44
-9.38
-7.56
7.52
8.23
7.17
-3.16
-3.38
-5.37
-5.14
2.88
8.93
-3.14
-7.41
-9.79
5.95
7.12
0.57
-0.15
-2.61
-2.89
-4.58
-4.87
-2.05
-8.67
-5.16
-1.15
-9.11
1.74
-0.27
1.94
10.0
-5.67
-5.89
-1.92
-1.79
1.26
-6.8
-6.51
5.05
1.25
-0.77
4.38
2.29
-4.84
-1.12
-0.73
4.69
-9.37
-0.13
3.38
6.01
-0.32
-5.8
7.45
7.3
1.99
1.35
5.31
-1.62
-6.49
-0.57
6.75
-3.45
-4.68
-7.27
-1.84
1.17
7.69
-4.85
-5.43
0.75
3.69
4.86
-0.5
9.98
4.55
9.23
1.6
-4.77
-5.01
9.58
-1.84
1.35
-9.18
4.05
-8.54
-7.15
-9.29
-1.12
2.39
-1.96
-1.62
2.58
-8.87
7.1
-7.34
-7.47
-8.87
4.1
-5.94
9.87
0.22
-2.89
9.77
-1.45
-8.46
0.32
-8.56
-1.36
3.78
-1.98
-8.93
6.63
7.35
-1.37
6.92
-7.85
0.5
5.57
7.17
-6.97
-6.53
-4.14
-3.05
-3.9
9.75
2.05
2.06
-7.49
-0.49
0.07
0.84
-6.3
4.41
-3.72
-0.25
3.71
8.6
3.92
-5.78
-1.57
-0.92
-7.74
-0.28
-0.49
-0.95
-1.27
-0.97
-3.05
-2.18
-1.46
-2.03
-2.01
-0.1
-7.54
3.65
3.82
4.74
4.47
-7.25
2.75
0.56
-4.07
8.32
1.4
8.87
-0.95
-7.37
-9.78
4.04
6.89
-7.46
0.84
8.03
1.44
-2.82
-7.43
8.94
4.31
2.63
6.96
9.23
7.7
9.6
-5.44
5.24
7.59
6.66
-4.0
-9.1
9.28
-6.58
9.37
-1.1
-2.52
8.03
7.54
3.51
6.62
-6.92
-6.66
-1.02
2.24
-4.25
2.79
1.1
0.85
3.73
8.49
-6.62
-3.56
-4.61
8.79
-5.13
0.56
-0.82
7.18
5.35
4.84
7.87
-2.09
2.74
7.92
3.8
3.41
-8.33
9.92
-5.52
9.33
-6.6
3.13
-8.92
6.75
7.44
4.44
-6.45
-0.1
-2.15
0.08
8.68
-5.33
3.62
-6.33
-4.66
8.95
0.29
9.61
-7.85
1.99
9.64
7.59
6.31
8.01
2.21
8.66
5.05
-8.39
-4.89
-5.14
-6.67
-2.66
-4.08
-1.14
9.69
3.11
-7.84
9.81
-2.25
-4.31
-5.84
-3.58
0.74
-5.01
-4.94
2.02
0.03
5.76
5.69
-8.49
3.54
-9.83
-5.87
7.61
-1.84
-0.96
-6.94
-1.17
6.55
6.11
-4.45
-2.79
-0.68
2.35
-4.24
-8.34
-2.71
3.15
8.17
-1.47
-6.94
-3.04
5.26
-8.3
-4.87
-1.62
-9.32
-0.76
8.25
6.1
6.63
-2.43
2.43
-3.02
5.7
1.75
5.81
5.63
-8.62
-0.17
2.41
-6.53
-9.92
2.53
0.27
0.48
-1.31
-1.72
-9.78
7.17
3.13
-5.57
3.2
-8.86
6.68
2.22
1.25
-2.56
-3.25
0.62
-9.98
3.9
-8.31
6.12
-9.84
-5.79
2.98
1.33
8.06
-1.12
2.46
-8.01
8.67
4.37
-5.12
9.01
6.13
4.5
8.61
-3.78
5.53
-1.18
-5.88
-9.68
6.29
1.46
7.62
5.63
9.38
5.07
-7.11
5.71
-7.84
6.73
-2.06
-2.68
5.95
5.01
2.7
9.16
8.7
-4.35
-6.34
-7.6
2.9
-5.59
1.16
-1.59
-0.28
-5.73
-7.83
4.47
1.53
-8.09
0.1
-8.57
6.1
-3.85
2.47
-2.08
-6.99
6.84
4.98
-3.3
-1.25
0.29
0.32
9.99
-5.1
7.68
-7.56
1.28
-6.1
-4.59
0.52
-9.53
-8.03
1.27
0.52
-7.33
4.43
8.41
-6.16
2.27
6.79
-4.32
4.14
-9.88
-1.53
-1.29
-5.74
5.69
6.96
5.79
1.81
3.71
6.11
-0.78
-1.04
-3.52
-6.77
8.26
1.32
-3.66
9.09
-5.54
-3.94
6.67
7.56
-2.73
8.14
5.34
-8.42
-1.84
2.34
-4.73
5.73
9.66
-7.45
0.79
-3.88
9.41
2.84
3.13
3.71
-3.13
-9.93
4.52
6.2
-9.59
-4.49
2.49
1.71
-5.89
-7.63
1.85
7.71
-2.68
-1.52
8.26
-5.78
-6.28
-5.0
0.34
9.78
-6.76
1.77
-8.34
-5.17
0.53
-2.24
-7.7
8.22
-9.88
2.94
-8.8
-0.36
-9.18
8.17
5.02
-8.61
-4.01
-1.91
-4.94
-2.49
5.38
5.72
5.91
6.54
-9.19
7.28
-9.76
-9.95
-0.74
3.12
-8.52
-1.63
-4.22
9.85
2.1
1.46
-8.41
6.88
-4.8
4.49
-3.47
-5.78
5.25
1.46
-8.62
0.53
5.97
9.29
-8.98
-3.31
-0.15
-1.23
1.52
-9.98
-3.34
-0.86
-5.97
8.1
2.97
3.17
3.7
9.91
5.68
-4.71
3.9
-4.45
0.6
-1.27
2.18
0.85
-9.07
8.69
-7.94
9.64
7.69
-1.3
9.44
-0.88
6.52
-1.69
-1.74
-2.41
-4.95
5.03
5.79
6.31
-5.92
-1.7
7.0
-6.65
4.77
-4.91
1.57
-7.16
6.46
5.65
-5.72
3.09
-6.08
-2.25
-0.79
-1.62
9.96
-6.74
6.98
3.92
5.45
-3.15
-6.93
-5.46
9.26
-7.55
9.78
9.84
-6.92
-0.26
3.08
-8.48
8.69
-5.34
0.28
-3.41
-3.0
-4.65
0.23
-9.48
7.86
-5.35
-8.25
-0.13
-2.7
-9.34
-1.0
-2.27
-9.65
-9.91
-2.72
9.08
5.66
-4.7
7.8
-7.19
8.71
-3.88
-4.24
-7.08
-9.43
9.05
5.38
-5.41
-5.62
-4.87
9.0
9.61
-6.9
-1.49
3.08
7.06
-4.06
1.2
-0.82
6.81
-8.28
-0.65
2.18
0.66
-0.62
5.97
2.59
0.35
-4.32
-7.78
5.92
2.67
4.25
8.11
-0.84
6.77
1.26
-1.06
-4.95
1.39
-5.61
-3.13
-4.15
-1.34
-5.62
-6.35
9.91
-0.01
-1.32
-3.11
-2.64
5.02
-6.18
-8.6
-3.44
-3.57
4.89
-9.81
4.05
6.48
3.14
-0.65
3.83
9.39
-4.33
-4.78
7.44
-7.18
-5.96
-6.89
-6.24
8.43
5.54
-2.89
0.32
-6.37
-7.19
-5.55
-3.66
-0.71
2.7
7.2
7.35
-3.06
1.29
6.3
4.14
9.93
7.52
-7.98
0.49
0.15
3.92
-9.81
8.72
-0.33
2.15
4.84
8.1
8.22
8.35
4.95
-2.4
4.64
6.49
5.13
-3.01
-8.05
-2.39
-8.4
-6.05
-6.86
-0.88
-2.71
-4.18
-0.71
0.06
3.45
8.87
-6.15
2.13
6.46
1.57
-4.58
8.93
-2.94
0.17
-3.95
-8.59
8.38
-7.54
-6.17
2.7
2.57
-9.42
-4.74
1.11
8.78
-7.81
-2.59
-5.57
-6.61
-3.7
3.97
6.6
-8.38
0.36
-2.83
-9.86
-1.9
-0.01
-0.54
-0.31
6.65
-7.62
-2.01
-8.39
5.9
-6.13
9.06
-9.45
9.19
9.76
-8.97
3.54
0.68
-3.82
9.87
-8.11
9.21
6.61
-2.58
3.4
-2.78
-4.97
7.28
2.18
9.69
-5.94
9.2
5.5
-2.45
6.15
9.92
0.86
-6.49
8.2
-2.51
-2.51
-3.04
7.57
8.03
0.41
-9.87
-9.96
-4.91
-9.05
-6.07
0.88
8.82
-4.8
-5.01
9.47
9.32
0.74
4.67
6.22
-8.4
-0.78
9.07
9.85
4.25
8.02
-9.48
2.24
-7.23
-2.38
6.6
1.77
-3.03
-1.27
6.74
5.15
9.89
9.05
-8.01
-6.97
-7.92
-1.71
0.57
-7.03
0.82
8.2
0.43
-0.92
9.04
7.5
6.3
-5.02
-4.25
-8.33
-9.81
3.41
-0.58
-5.3
