100
-9.21
2.1
-6.57
8.52
4.98
-7.12
-0.64
0.28
-6.5
2.89
4.11
-2.17
8.94
-4.87
-7.18
2.27
-0.74
-2.48
6.35
-7.65
9.12
2.14
3.37
8.15
-1.49
5.23
-4.31
-6.85
-2.68
-2.24
5.45
-0.66
3.76
6.1
-7.5
8.65
-1.01
-4.56
6.47
-1.8
-1.73
-1.27
-3.6
4.89
-8.48
7.11
-6.84
-2.08
0.4
4.43
-0.91
0.68
1.2
2.76
-8.47
-5.61
-4.73
3.81
-2.38
1.77
-8.94
4.43
5.31
6.91
-0.7
3.49
2.42
-5.84
6.37
-5.35
2.88
1.08
-1.97
-2.23
-4.76
9.47
-2.99
6.93
6.2
8.96
9.79
-1.43
-3.3
-8.45
5.86
1.29
-7.68
-3.88
-4.78
8.08
5.15
-5.23
4.34
-2.25
7.46
5.17
-9.6
-6.51
9.46
-4.83
