2000
9.33
-4.7
-7.15
3.75
8.13
5.13
6.69
6.85
2.72
-6.2
1.54
4.24
-0.82
-4.37
-5.19
-6.59
-3.41
9.93
-4.42
3.4
-7.83
4.41
-5.14
-8.51
-4.75
9.25
-1.35
5.98
1.58
-7.22
-8.58
-4.11
-3.76
-1.63
-7.13
-2.3
-6.52
6.88
-4.48
7.16
-3.42
-9.89
-5.55
-5.36
-4.41
8.48
1.83
2.44
-2.96
-5.41
-4.59
-8.71
5.69
-0.27
-3.31
-7.02
5.19
1.91
-0.38
1.8
8.01
-5.47
-1.69
9.95
-2.41
2.18
-3.35
5.42
9.23
-6.36
-6.87
3.06
9.35
3.84
-8.09
-2.36
4.95
1.35
8.5
3.21
-5.12
3.55
-7.03
-9.68
7.9
-1.02
-2.03
6.64
1.08
6.85
7.5
-5.34
-4.29
-4.59
6.95
-0.99
-3.26
-1.3
6.23
7.78
-5.51
0.72
9.74
-9.84
4.02
-7.33
5.15
-8.29
6.02
1.61
-8.28
1.39
-3.94
-7.95
-6.19
0.46
2.39
7.78
-5.08
-8.4
0.97
3.53
-1.98
-6.72
-5.33
-2.65
-5.44
9.13
3.88
8.36
3.26
-1.47
-3.13
9.41
-3.47
9.36
-9.36
-9.23
-8.43
2.56
3.65
3.42
-7.21
-2.4
-1.88
-4.27
1.27
8.3
-8.23
-5.01
1.21
4.41
-8.13
3.99
-3.64
-8.66
6.84
-8.22
7.28
6.44
-2.79
8.81
3.78
9.91
5.1
-2.66
-6.1
-5.49
4.08
-1.62
-9.92
-0.46
-9.0
-7.75
4.23
1.98
-4.7
-7.17
9.85
-1.65
-3.54
-4.9
8.88
5.08
-6.61
1.94
-0.14
-5.92
-6.51
8.34
6.77
-6.77
7.1
-6.85
7.47
-7.15
9.02
5.39
5.93
-1.06
9.16
1.26
2.32
-2.87
-4.66
8.31
3.11
-1.27
-4.97
6.02
-4.12
-9.31
-4.9
7.31
-9.29
1.94
7.76
5.09
-9.99
2.02
8.95
8.54
-8.11
-2.79
-1.95
-3.34
0.16
6.04
3.81
-5.08
-7.08
5.88
-7.5
0.67
-2.55
4.65
-0.66
7.84
-6.61
5.58
9.15
-4.3
8.12
-9.73
4.71
1.73
-9.57
-5.37
-1.07
6.23
0.45
3.67
2.48
4.46
7.47
7.79
-6.49
0.32
7.38
-9.53
-6.69
-4.11
-7.32
-1.78
-5.88
-5.18
-8.59
-4.3
1.43
-3.74
-0.28
-9.88
-2.0
5.21
8.68
0.66
5.07
6.74
5.34
5.9
8.5
8.54
3.61
1.62
9.24
8.82
3.88
9.95
7.8
-1.28
3.3
-2.86
1.36
7.83
0.43
3.1
8.42
-5.29
-8.68
3.33
3.27
4.89
-8.36
7.55
-7.8
2.59
5.32
1.98
-5.41
1.6
-3.53
6.32
6.8
-9.96
-8.9
-6.21
-9.36
5.71
7.57
-4.58
-4.77
-9.45
-1.46
2.51
-2.24
0.86
3.21
-2.15
6.26
8.91
-7.06
-3.62
-4.84
4.09
-9.2
7.48
1.12
-6.95
9.78
3.09
5.23
7.59
-8.05
6.56
5.22
4.89
9.45
-7.02
3.38
-6.78
0.64
9.12
-6.28
9.68
-7.65
9.25
-6.87
1.12
-5.67
4.93
-3.48
3.06
1.33
-7.03
-1.3
-6.22
2.74
-2.66
-3.59
9.8
8.46
-9.93
3.65
1.64
-6.75
-9.9
-6.78
-4.15
2.48
-6.61
0.96
-0.68
1.32
-5.36
4.41
0.55
-0.03
4.81
-6.02
0.33
-2.43
5.99
7.56
3.49
3.69
8.11
2.87
1.34
-0.84
-1.26
-4.03
-3.66
-1.9
-9.4
9.51
-8.38
-3.88
8.44
-5.23
-6.91
-9.6
-0.07
-0.1
-7.46
2.86
-3.31
8.53
3.28
-9.59
-0.12
7.1
-6.74
-4.85
0.09
-5.26
4.73
-8.67
-0.09
1.08
8.9
-3.34
8.83
-3.59
-3.81
-0.81
6.79
-7.97
-5.12
7.61
-4.54
5.18
0.15
-5.43
8.59
-4.6
-4.0
5.9
6.92
4.66
-8.0
-2.54
-8.88
4.45
-9.83
5.24
-1.44
-4.05
-8.79
-4.43
-8.08
7.24
2.49
3.0
-1.27
-9.25
5.79
-7.96
-9.18
5.86
-2.14
-4.3
-4.52
-9.57
-9.04
-5.43
-1.68
5.82
-1.87
-5.7
-9.38
4.2
-7.01
-9.68
4.85
6.75
-0.06
2.52
-1.67
2.59
3.44
0.08
-3.11
8.35
-3.24
7.3
-7.34
5.28
-7.71
-4.68
-0.05
-3.82
-8.32
-2.71
-3.69
-8.83
-2.42
7.31
6.93
6.92
-0.69
-8.61
-2.24
3.33
-9.61
-0.23
-2.13
0.26
-2.4
-9.23
6.5
-1.06
6.03
0.18
2.98
2.07
-2.1
3.42
-6.86
6.01
-6.91
0.77
3.38
-9.95
0.25
-0.84
-7.34
-1.81
-9.68
0.32
-4.0
0.03
7.5
5.64
8.39
4.79
-9.1
-9.14
-2.86
-9.92
-0.19
1.11
5.6
1.66
-5.95
-4.1
0.65
-2.74
9.94
-6.77
-7.9
-4.52
-4.34
-2.85
-3.5
2.95
4.85
-9.63
-6.79
-1.53
8.53
6.55
7.69
-1.84
0.59
-0.83
2.42
2.18
-9.33
7.04
5.77
-2.53
-8.04
6.28
1.88
9.42
6.28
7.55
-9.41
3.9
4.4
-8.57
3.37
5.79
7.36
3.12
-0.94
-0.43
-9.32
-5.69
-0.33
-0.92
-2.39
-7.93
4.44
-8.61
2.96
0.06
-3.48
9.28
-2.4
-5.94
-6.21
-6.8
3.03
-8.09
-8.26
-2.88
-8.43
-5.89
7.38
0.36
7.07
3.3
7.33
-9.61
5.69
7.61
-2.42
9.0
3.47
-8.22
-6.56
4.04
-4.68
-6.48
-1.44
-2.38
-6.95
7.75
2.33
-0.46
5.2
-1.23
3.33
-3.71
9.8
1.13
5.48
-6.71
3.35
0.83
-1.55
-4.2
1.48
-2.9
-7.1
7.36
-4.43
-0.01
-3.67
-1.93
-4.99
5.67
-7.05
-3.95
-1.04
-5.32
3.27
0.03
5.28
7.61
-1.71
8.19
0.26
7.48
-1.18
-2.69
2.62
1.42
3.53
9.16
-5.13
1.79
4.85
9.29
-2.15
-0.57
-4.81
2.12
-9.77
9.55
9.72
-2.49
-7.18
-4.79
9.75
-9.3
0.88
-9.4
-6.41
8.63
1.83
-6.49
0.57
-0.4
0.72
8.94
4.33
-7.07
7.3
1.53
-9.07
-8.99
-8.11
0.6
1.4
7.24
6.37
-6.07
-8.14
9.75
2.27
3.04
2.34
-8.98
-6.93
-8.81
-1.58
-1.57
4.4
-1.34
2.48
-6.9
-1.69
-7.45
-3.14
5.69
8.91
5.61
-4.88
-3.74
8.44
-8.28
-8.04
-6.54
-4.7
5.84
-2.23
-0.97
9.59
-2.5
-7.91
9.56
9.51
2.61
-2.42
1.3
3.27
-9.14
-0.89
5.23
-6.94
5.13
3.16
8.93
8.54
8.09
6.57
7.45
5.57
-0.39
-4.4
-9.62
3.16
8.31
-5.0
2.19
-2.73
-2.45
-6.15
-9.98
-7.36
-2.64
-5.43
-1.56
9.75
3.42
-6.29
-7.78
-7.41
9.84
6.32
-4.64
8.5
3.25
-5.7
-0.17
1.59
3.69
3.98
6.78
-1.15
-0.8
-0.47
9.47
-8.5
0.99
-6.14
-1.23
-8.37
-9.31
1.89
-9.62
2.88
-7.6
-6.3
-6.98
-8.5
8.5
5.22
6.14
8.08
-6.94
2.47
-2.03
-3.62
2.18
-0.13
-2.61
-6.29
-4.35
-9.12
-5.35
5.9
5.76
-9.51
7.75
9.26
2.73
7.46
7.65
0.91
5.87
-1.67
-2.07
0.96
3.53
-8.79
-4.38
5.16
-7.3
-2.7
-5.38
-8.95
-7.41
-3.98
8.93
-7.47
-1.61
8.18
-8.61
2.16
9.03
-1.73
1.53
-3.19
-6.31
0.42
9.76
7.4
0.18
-8.64
-8.36
-3.26
9.9
-1.82
-1.43
-0.26
6.01
0.04
-3.41
-8.29
-8.2
0.61
-6.87
1.78
-5.07
7.85
-3.89
5.47
3.18
-8.66
-7.71
-0.09
0.16
-6.35
-0.48
-3.38
-2.16
1.07
-7.23
3.79
-0.41
4.65
6.94
7.98
-6.33
9.84
0.27
7.0
7.93
-3.97
-5.16
1.43
-2.96
5.55
2.44
6.12
2.32
-8.07
5.12
7.77
6.34
9.24
-7.05
2.23
-4.21
6.91
-5.72
-5.72
-6.84
-5.64
-1.64
5.82
-5.62
7.93
1.81
-2.03
-6.6
2.88
7.21
-9.67
-8.61
0.52
-5.48
-0.05
-8.32
0.88
6.45
-2.54
-7.49
-6.49
-9.56
-2.97
-6.95
-9.7
7.87
-9.71
5.25
-2.02
-3.48
9.08
6.96
4.98
-4.34
4.92
-8.03
-9.43
4.91
-2.03
-4.79
-9.49
6.89
5.24
-0.85
4.15
1.7
-1.49
6.36
-5.53
-7.04
4.83
0.05
-9.61
6.76
-5.41
8.78
-6.01
0.64
1.49
1.04
-5.06
9.7
3.08
-5.75
8.23
0.84
-8.35
-4.87
2.47
2.27
-1.09
3.18
3.54
-1.84
5.92
-8.57
9.91
5.61
8.99
7.27
3.44
-2.78
-0.5
2.64
-0.3
9.51
-1.91
8.57
-1.0
4.79
-9.19
-4.63
-3.03
1.97
9.11
-0.21
5.28
1.78
3.7
-6.07
-1.83
8.89
-8.08
-7.77
1.96
-9.1
2.6
-9.48
-3.67
2.56
9.25
4.4
-2.64
-9.2
4.79
6.43
-0.72
-1.79
3.78
-8.5
9.82
9.33
-8.02
4.89
-5.31
-3.1
-6.75
-7.72
0.57
-3.01
-9.01
4.71
1.17
-2.31
8.29
9.06
-0.86
-5.73
-8.23
3.04
4.39
-5.19
-1.52
-0.85
5.84
4.45
0.34
-5.73
3.94
6.34
-1.7
2.65
-3.63
-0.43
3.67
-7.64
-3.82
2.8
-8.21
5.45
8.87
-8.55
9.4
-5.73
0.46
-4.59
-5.62
-3.1
4.38
0.53
3.82
7.06
6.35
0.77
-5.08
9.39
8.83
-2.31
3.15
5.83
-0.14
-2.64
-8.1
-3.65
8.86
8.81
2.77
-9.76
-3.93
-5.29
-0.52
8.43
3.4
3.9
8.74
2.64
1.94
-8.29
6.23
7.1
9.97
-0.74
6.1
8.72
1.7
2.82
-7.9
-4.61
1.8
8.45
-8.26
5.45
9.17
-8.25
7.68
1.52
-4.01
7.77
8.98
9.02
1.93
-0.76
-4.45
9.3
-4.62
-1.85
1.2
2.56
8.1
1.94
-6.74
6.09
7.03
2.79
7.6
2.01
5.98
-3.43
-3.44
1.97
-7.9
-6.41
-4.24
9.11
3.25
-6.93
-6.12
-9.76
3.76
1.74
-4.02
0.06
0.05
6.6
-9.79
7.5
-3.57
-6.56
8.61
-8.23
-7.97
-8.17
3.45
-9.82
-6.96
-4.73
4.7
8.74
4.79
9.84
2.41
9.28
0.0
1.25
-9.9
-3.58
-0.7
0.84
4.13
6.89
-9.62
0.31
4.41
-2.41
-6.56
9.89
-3.35
-5.09
5.28
0.5
2.97
-2.44
1.01
-0.51
1.73
7.8
0.61
-8.34
-8.82
1.38
-5.01
-1.91
2.68
1.6
3.58
-8.64
-1.58
-3.95
2.12
2.55
-0.15
6.43
-9.86
7.21
-0.83
0.05
5.6
-9.07
9.2
9.4
-7.52
9.82
7.21
-2.99
-5.68
9.29
4.0
5.77
-6.97
-6.14
-1.98
-5.86
-0.71
2.34
7.5
0.55
-9.11
-2.16
-4.05
-6.03
7.43
-0.42
2.3
8.88
6.13
-1.4
7.29
0.47
-2.64
-4.67
-9.17
-8.49
6.2
-1.37
5.14
-4.41
7.03
-3.72
-2.83
-0.31
4.71
5.32
-0.76
-1.48
3.06
8.26
7.9
6.35
-10.0
9.48
-8.12
6.3
3.89
-7.35
-3.94
-8.67
-1.09
-7.93
-7.46
0.42
6.17
-5.38
9.42
-7.74
6.33
7.84
-9.49
-4.63
7.67
4.23
7.96
-5.6
-1.37
3.24
-2.05
-1.32
-7.15
-0.14
-2.51
-4.57
9.74
3.67
7.11
5.6
-9.88
-9.47
6.51
-1.23
-7.55
0.51
-6.65
4.47
9.08
7.21
4.13
-5.48
0.52
3.34
-4.64
8.84
-4.98
1.09
-6.24
1.27
6.38
-6.44
-5.77
4.68
2.97
9.11
1.03
9.76
-3.25
9.81
9.05
4.58
8.15
6.58
-8.35
9.72
9.75
2.7
0.24
5.39
-1.24
-4.28
3.73
-1.55
-1.54
-3.81
6.29
-2.85
3.52
8.11
-7.57
5.68
5.13
0.65
7.2
2.22
-9.08
-3.54
7.79
2.28
7.03
-5.4
4.54
-9.82
8.39
1.22
-7.35
-3.55
3.58
4.77
-9.16
3.15
-6.09
1.08
3.32
-0.06
-9.09
-2.7
-8.18
9.92
-2.1
5.39
-0.95
1.82
-0.49
-5.05
-8.38
-9.75
5.91
0.14
-4.9
-5.45
4.29
-4.44
-8.39
-3.66
1.13
-0.15
-9.85
-4.66
-6.21
-8.61
5.79
-1.7
-4.93
-5.55
1.04
-1.86
9.54
5.31
-5.5
9.08
-5.84
5.22
-5.22
-6.86
7.67
5.27
9.12
-5.26
-7.52
7.63
-5.47
9.11
-9.69
-8.4
8.46
1.29
3.54
-6.99
0.79
-7.39
1.46
3.39
-6.41
1.54
6.37
7.84
0.17
5.95
-6.06
-8.76
-4.63
3.41
5.69
6.8
0.16
-8.56
-5.89
1.4
-9.08
2.15
-9.17
6.62
-9.88
8.35
-9.56
-2.82
3.57
-5.57
6.66
-8.86
-3.45
-2.89
3.97
3.54
2.6
-1.7
-0.05
-5.25
0.83
-8.72
-9.63
-5.12
9.29
4.22
-1.01
-8.62
6.29
8.24
3.0
8.61
-7.29
5.55
-1.55
-3.1
2.8
-2.5
-8.29
-6.22
-1.76
7.41
5.04
-6.92
-9.29
-7.18
6.8
7.17
-8.71
4.0
6.26
-9.25
1.13
-2.79
-3.6
1.45
1.87
-6.86
5.33
2.41
-4.4
8.36
-4.23
6.62
5.67
-2.49
-2.16
9.91
-5.17
-3.07
5.17
-2.53
3.5
-7.28
6.41
5.2
7.77
-6.66
1.08
-5.42
-0.51
6.44
6.26
-8.87
4.91
4.76
0.79
-8.21
-7.94
1.12
5.7
8.62
8.42
9.03
-0.29
-2.57
-2.33
3.34
0.94
-1.88
9.33
-5.59
8.41
6.89
4.92
-8.97
-8.38
4.97
6.39
-3.69
-4.64
-4.37
-1.34
7.86
8.54
8.89
-4.82
-4.29
2.44
-5.73
-1.88
-8.11
9.66
-0.71
5.2
4.74
5.58
-8.2
0.34
-9.55
-1.62
-1.9
-7.7
9.0
-1.59
2.92
6.12
-3.88
-2.03
-8.17
2.39
-9.14
6.76
-8.02
-2.16
3.11
-2.94
5.67
-0.28
-6.74
5.68
-6.2
-4.05
-2.98
2.76
1.66
1.34
-7.5
0.95
-4.1
-8.34
7.75
1.66
-5.29
-9.66
5.52
4.74
-3.34
4.85
9.18
9.2
8.28
5.8
8.18
-0.23
6.6
-6.76
2.85
6.45
4.2
-6.83
-6.81
2.73
0.76
3.43
2.77
7.77
-8.4
-6.58
9.27
-2.97
-6.12
-4.69
-6.59
-8.94
-0.15
5.37
8.88
-4.25
-5.45
8.05
2.46
1.41
2.01
2.9
2.9
0.08
6.41
5.55
4.18
-0.98
-5.46
-0.94
-2.34
2.49
-7.6
0.37
8.33
-6.34
-9.05
-9.61
-4.44
5.64
-1.35
5.68
1.0
0.4
-3.45
2.29
-8.54
-4.53
8.21
-7.56
6.76
4.38
-8.95
-0.71
-6.77
-4.24
1.32
-3.42
-8.33
8.89
-7.8
8.47
0.92
-4.93
-2.53
-3.26
-4.64
-9.48
-8.4
8.57
-8.38
2.46
5.24
-2.24
7.31
-0.9
-2.25
-7.64
7.28
-7.02
0.12
5.13
2.2
-4.09
-7.06
-9.34
6.45
1.63
4.53
-8.66
-6.91
-5.86
6.91
1.31
-8.14
4.21
0.43
-7.61
1.86
-5.12
7.09
-2.69
-1.17
-3.08
9.52
-6.48
6.45
0.31
-1.68
7.77
-1.66
-1.67
-5.54
-4.46
-5.16
2.07
7.55
5.35
0.48
0.88
1.05
-3.92
3.54
-6.43
-6.06
5.47
8.99
0.18
3.74
-9.26
-9.65
-4.69
-1.1
8.17
-9.79
-3.14
7.88
9.33
9.14
2.16
-7.26
8.0
7.5
8.86
-1.16
-1.44
-2.64
6.92
0.69
-2.09
-1.37
8.14
-1.62
6.45
0.9
0.32
2.68
-2.48
6.1
-6.98
5.13
-7.34
-1.82
-6.62
-6.2
4.03
-5.45
2.49
-6.17
-2.34
3.68
-6.81
9.45
0.66
-5.34
-5.61
-9.87
4.59
-5.21
-9.8
7.15
4.52
-0.98
0.88
-0.07
-6.84
2.17
-4.86
9.81
-8.23
6.16
-5.74
-1.32
6.78
7.16
2.65
2.99
-3.5
-3.0
-5.6
-3.42
-5.33
-4.66
2.86
1.75
-8.99
-3.37
-1.41
8.34
8.53
9.88
-5.05
8.66
-5.14
7.36
-2.36
-8.79
-4.77
4.92
-1.8
7.79
9.93
-3.76
-5.22
-1.74
-0.53
8.76
6.0
5.65
-6.87
9.3
-4.08
6.02
4.21
3.22
9.55
1.4
-7.56
0.45
-3.59
-8.58
-4.39
7.61
-1.05
-9.74
8.09
3.54
-8.23
7.66
5.57
-3.96
-5.47
2.6
3.38
-9.97
7.26
4.07
7.25
7.33
6.9
8.67
-9.45
5.11
5.05
-6.86
2.46
5.43
-0.98
5.61
-3.11
-4.63
2.75
4.81
-2.33
2.83
-0.33
-4.99
4.8
7.82
-4.97
-3.16
6.61
-9.85
8.55
0.07
-6.27
-5.36
-6.73
0.44
-3.34
-1.28
-6.57
-4.37
-4.19
2.46
-4.22
-2.15
-8.27
2.81
-1.83
2.13
-2.46
-0.09
-6.49
-2.11
-1.86
-3.08
-5.64
-4.91
-9.88
7.25
2.84
-3.45
-2.38
-9.45
-7.25
9.1
6.33
-4.1
-1.98
-4.86
5.07
5.17
-1.14
9.46
-3.19
4.81
-8.24
-9.97
-8.8
5.4
3.61
