1000
-1.09
2.2
-7.76
8.59
-3.9
7.46
-1.62
-5.58
-6.73
3.25
-1.0
-0.11
1.49
-8.67
4.7
-5.47
-9.15
7.81
5.2
-7.57
7.66
2.49
6.25
-9.4
8.47
-2.68
3.27
8.3
-8.75
-8.68
2.4
-4.38
-4.17
-9.99
-0.68
-8.39
0.3
6.59
8.75
-4.97
2.93
5.38
1.28
-8.51
-5.17
9.07
7.75
9.41
-5.6
3.79
-9.54
-2.46
-6.2
0.04
5.85
8.22
-9.23
-6.82
0.29
-0.29
5.4
7.85
7.7
-8.01
8.65
-9.41
-2.64
-2.45
8.18
5.18
1.63
-4.86
5.22
3.74
3.92
-9.0
2.09
2.72
7.11
9.05
-9.57
-2.66
0.15
6.31
2.24
1.69
-6.95
-4.96
-2.31
8.29
9.02
3.25
4.6
3.01
-4.37
-2.11
-7.25
0.37
9.31
-3.5
9.28
-2.75
-4.38
8.97
8.47
9.1
5.79
-7.72
-5.18
-9.95
1.55
7.6
-5.83
-3.22
7.04
-7.53
9.94
6.38
1.68
-0.62
-6.74
-2.35
7.54
6.96
-7.49
6.13
1.54
-9.6
9.93
2.24
5.88
-3.07
-4.72
-8.89
-9.04
-5.6
7.56
-3.37
-4.56
5.86
6.23
-2.01
5.02
0.46
-3.82
4.98
5.8
-5.9
9.57
3.29
5.34
2.92
6.55
-6.02
2.54
3.62
1.25
-8.44
-6.46
7.34
6.82
-8.86
-1.18
-8.26
-5.67
-8.95
6.85
-1.97
1.68
5.46
8.25
2.77
-0.86
-5.87
9.67
2.35
9.46
2.99
-6.86
-8.29
-7.27
-3.05
-6.1
9.03
-0.79
4.79
0.25
-0.52
5.86
2.59
-9.36
9.85
-9.53
-2.22
-6.49
0.7
3.75
5.09
6.61
-6.47
-1.18
7.31
-3.68
6.25
4.82
2.12
8.19
9.51
4.35
6.07
-3.39
8.13
6.07
-0.13
-8.67
5.79
0.17
9.54
6.47
3.14
-2.59
-7.94
-8.96
-9.41
7.3
3.12
-1.12
-0.76
9.8
2.56
5.04
-9.13
2.59
0.81
6.05
-5.67
-6.5
-2.7
2.79
-0.24
7.08
-2.94
-1.73
8.43
0.4
1.82
-2.45
6.6
-8.55
-2.89
-3.19
4.45
-1.55
1.6
1.19
-5.56
2.35
2.6
2.68
-4.16
-2.66
8.19
6.24
4.42
-9.2
-5.1
0.66
-5.41
0.56
-2.89
0.57
5.71
-5.43
6.95
-6.48
7.92
-7.4
6.81
1.78
9.14
-0.21
-5.17
2.07
6.9
1.82
6.27
4.8
1.42
-4.69
-3.59
-5.63
4.11
4.79
-2.95
-8.53
1.52
8.2
-7.33
4.09
-0.47
9.55
2.46
-1.52
-1.07
-9.25
7.06
8.89
-6.49
8.86
-2.26
7.6
0.78
-7.48
-1.56
1.01
2.41
-0.0
2.92
-0.44
-2.01
-6.15
-0.85
1.07
7.47
6.91
3.19
-8.02
-6.85
5.01
-6.62
6.01
-0.51
8.66
-3.2
-7.97
5.2
-0.8
-7.26
0.36
-4.92
-1.75
-7.94
-2.71
-1.89
2.79
-6.81
-0.04
0.28
-6.5
-1.21
9.54
-0.6
8.22
1.17
0.84
7.82
-5.1
0.27
9.77
7.54
6.36
-8.23
5.32
-2.92
4.48
-5.65
0.95
-5.55
0.99
-2.77
2.52
-5.18
-7.82
4.05
-0.33
-6.9
-5.86
8.77
0.73
1.91
-3.61
5.92
1.77
-8.78
-5.16
-2.77
6.04
7.84
-2.91
-3.13
9.45
-9.64
8.75
4.23
-2.19
-5.35
3.08
-6.64
0.91
5.5
2.58
6.05
1.21
-0.14
-5.03
4.94
3.96
8.87
2.88
9.31
-8.5
-4.88
-4.47
4.48
8.86
-8.88
2.42
2.87
-2.82
4.6
7.59
7.46
3.6
5.67
-7.74
9.14
-8.41
-1.73
-1.77
0.75
6.52
6.86
5.01
6.32
-2.44
-7.77
-5.83
0.93
-2.03
1.46
-6.13
-4.05
8.33
4.08
-2.86
-7.61
8.11
4.19
1.22
2.85
0.56
-7.76
-0.43
1.53
-9.68
-3.06
-8.19
4.92
-5.89
-4.75
-8.82
-7.42
-5.87
-5.55
1.18
0.69
-3.8
1.93
6.75
-0.67
1.78
-6.58
-4.24
-3.35
-4.7
0.32
-6.1
6.92
-6.14
3.46
-0.12
-8.41
-6.34
-8.45
-1.5
-2.81
4.76
4.51
-9.83
-5.97
-5.96
-9.18
-5.11
0.03
9.62
-7.06
-1.29
7.37
-7.95
6.42
-8.89
2.86
8.74
-7.64
-7.48
-0.28
9.95
-6.66
1.11
-5.08
-5.38
-9.66
9.3
4.94
-1.62
1.01
5.98
-8.58
-9.09
8.66
-0.98
-9.22
-6.52
8.19
0.45
-0.1
6.53
-5.35
-0.0
-2.36
8.16
0.36
2.53
6.8
-7.71
-5.43
-0.34
-5.39
-9.31
0.19
-1.87
-7.09
7.66
-0.42
-2.55
1.05
4.74
-0.71
1.2
3.85
1.21
-0.56
-4.43
-9.87
3.86
7.6
-3.52
-3.9
-6.21
-8.1
-2.07
6.32
3.8
-9.3
4.8
-2.18
0.29
-4.83
2.86
2.25
9.51
7.68
-6.6
-0.34
-3.56
1.43
2.27
2.2
-8.56
-8.68
-0.21
7.63
-3.76
3.54
5.64
-4.54
-0.41
-6.39
8.89
1.83
-8.09
-9.02
-1.74
0.03
3.62
-3.49
4.09
5.03
-4.47
-5.3
6.96
-0.43
6.46
4.44
-7.91
-3.94
-7.53
2.31
-2.21
5.83
-4.33
-4.46
-7.24
-7.37
8.14
-9.82
-1.45
-4.14
7.71
-0.69
-7.84
-0.9
9.66
-2.35
6.85
-4.39
-4.93
-3.1
-9.87
4.77
2.75
-7.21
8.74
-2.64
2.83
3.47
8.46
-5.75
6.77
-4.87
-2.78
4.71
-7.96
9.81
-6.53
-2.62
-9.94
-2.65
-2.15
-1.06
-2.94
-4.85
-8.37
6.05
-9.4
-4.81
0.75
-6.62
-0.83
-2.72
-0.73
6.36
-3.53
8.66
3.36
-7.09
4.31
0.77
-8.08
3.15
-6.63
-0.94
-8.97
5.4
-1.42
-2.6
5.81
-1.18
-6.96
-0.57
5.07
-4.29
-4.59
1.07
-4.4
-3.79
1.23
1.91
6.23
8.31
8.83
-0.7
3.6
-0.61
-4.65
5.81
-6.22
-0.21
-8.59
8.83
8.48
-3.1
-6.74
3.04
-5.77
0.19
-7.63
-4.68
9.95
-0.17
3.12
5.73
3.62
-5.81
4.0
9.87
1.71
-8.44
-8.18
-9.41
1.53
5.89
5.42
-4.49
-7.45
7.7
-8.01
5.36
7.91
-4.51
4.96
0.63
5.39
9.0
0.82
7.02
-0.63
2.06
-8.33
6.19
-6.29
8.59
-8.42
-4.38
-1.06
-6.61
0.78
-1.64
-5.33
-9.13
2.99
-9.06
6.45
7.69
-3.01
-1.52
1.23
3.84
-9.51
-6.58
-1.55
9.27
-4.32
8.7
-3.21
-1.64
4.65
-9.0
-6.21
-7.36
-4.15
-0.47
8.05
2.95
-0.27
1.83
-9.04
-9.1
-2.51
-6.14
-1.96
7.31
-6.74
5.17
1.17
-5.7
-9.78
-0.92
8.06
-5.73
-0.54
6.95
7.24
2.51
8.28
-6.73
5.64
-7.77
2.66
0.31
9.78
0.16
2.75
-2.44
-0.86
0.72
-0.88
-1.73
0.53
3.72
-2.44
-0.2
-8.18
-4.61
8.55
3.38
7.89
7.47
6.37
2.36
3.35
2.6
-3.48
5.87
-8.82
-9.53
-9.66
-0.64
4.84
4.66
0.62
-3.75
4.62
-4.07
9.1
3.87
6.09
-1.56
-1.57
1.67
1.18
0.06
-6.48
4.53
-7.95
4.37
-7.63
0.69
3.3
4.42
2.42
-8.58
7.43
3.09
-1.9
6.25
-2.56
-1.17
7.93
1.72
8.17
-2.43
-1.82
-1.28
3.3
0.48
-7.23
6.54
0.51
1.09
3.74
1.13
2.8
-0.83
-4.04
4.74
4.81
-1.54
-7.23
-8.23
-8.26
-6.47
0.12
5.78
-8.02
1.06
6.96
-9.33
-1.36
-0.12
-7.8
3.94
4.44
-7.79
3.43
-8.73
4.21
-9.39
9.53
9.11
9.89
-4.15
-3.46
3.88
3.7
1.28
7.38
-2.18
-0.23
3.64
-2.58
9.76
2.59
-6.54
2.8
9.01
4.82
9.34
2.18
7.17
4.57
-9.19
-5.94
-8.5
-2.31
6.31
2.48
-9.01
-9.61
2.19
-7.32
8.52
-2.54
5.58
5.37
-8.81
-8.15
6.6
-9.83
7.39
-7.29
2.98
-7.16
5.52
9.38
2.03
-3.03
-5.15
4.77
-0.18
0.05
6.48
-7.94
-5.36
4.75
1.29
5.97
-8.5
-7.07
8.02
-2.86
-8.14
-1.71
-2.31
-3.81
7.27
2.46
1.91
4.49
-2.15
3.1
-8.86
-2.34
-9.23
7.52
6.73
9.94
7.14
-5.69
6.79
8.13
2.19
8.92
0.55
3.03
-7.63
-7.43
-8.81
6.19
3.61
9.73
4.91
9.57
-0.37
-0.22
1.29
-2.01
-4.81
1.76
4.16
