360
5.66
-1.48
-2.97
-3.91
-1.58
3.32
3.45
9.03
-2.5
-4.03
1.65
2.54
7.7
-4.05
-5.82
5.75
2.61
4.97
2.18
-4.24
-2.27
0.82
9.06
-3.35
-6.81
5.21
-1.74
-4.15
-6.42
6.56
8.09
-0.33
9.51
-7.67
-3.41
3.64
4.29
1.59
-3.05
4.0
-1.78
-6.23
6.85
8.68
-8.15
9.49
-6.91
5.32
-8.74
-3.5
6.05
0.63
3.02
-9.2
2.54
-2.06
1.42
5.68
-2.8
7.49
-8.68
-3.85
5.75
6.76
-1.72
5.12
-5.48
-3.49
-1.42
6.67
-1.45
-1.08
8.57
-3.93
6.98
-8.45
-5.77
-1.74
-5.5
-5.29
7.52
-3.29
4.67
5.6
-5.9
-0.64
-2.18
0.5
0.45
-1.89
2.72
7.12
-1.41
-7.06
5.35
-1.86
9.55
9.13
-0.58
-4.2
-2.47
-9.8
-4.09
-4.41
-5.44
5.61
9.81
5.51
-2.39
9.26
-0.07
5.38
-4.98
6.01
-9.62
3.13
-2.22
-5.28
-3.9
-1.21
1.26
8.36
4.04
8.65
-5.9
3.14
3.76
7.44
-4.0
1.13
-8.8
-5.05
8.38
0.42
1.3
-4.85
-7.88
2.42
-4.95
-9.34
-9.51
-3.96
9.03
7.05
-1.16
-4.03
6.89
-0.47
-4.81
-3.82
0.45
2.29
-2.18
9.3
1.72
5.37
-0.72
-5.26
8.14
1.09
9.29
0.6
1.17
-3.2
9.41
-6.09
8.48
-9.34
-1.04
-0.67
6.09
-6.12
-5.3
-8.3
-6.48
6.66
-3.7
-4.3
4.85
7.12
4.04
-7.37
3.39
3.52
6.24
5.98
4.66
-4.73
9.57
9.49
2.59
8.98
-8.14
5.41
-7.03
8.42
-5.73
8.04
1.08
-7.33
4.04
8.96
-2.79
-2.73
9.21
7.03
6.9
9.75
8.39
-0.76
-3.23
-2.7
-8.04
3.21
1.78
5.92
0.43
-2.35
-7.52
2.92
2.78
4.54
-5.91
-4.68
0.26
0.92
4.91
7.9
1.1
8.13
-6.86
3.42
9.33
-6.48
2.08
9.14
8.82
2.88
0.35
-4.16
-6.95
2.73
5.35
7.63
-0.48
3.82
-6.64
4.41
1.45
5.42
-1.85
-2.61
1.12
-3.65
-5.44
-9.75
3.28
-2.52
-7.44
-8.06
-3.44
2.67
-3.25
7.2
-8.47
5.88
-0.4
-1.31
-4.41
-0.24
3.86
-3.48
-5.67
1.3
-3.07
-7.12
-3.1
8.57
-9.46
-7.21
9.41
-4.15
-5.32
9.11
-5.86
8.71
-5.18
-8.5
-9.13
3.02
-8.1
-6.95
8.48
2.2
1.69
7.15
7.86
4.49
-6.97
9.39
-5.75
-6.3
-6.95
-9.42
-8.97
3.74
7.29
-9.47
-6.26
-4.02
0.12
-3.82
-7.37
-8.17
-9.06
-8.05
-1.67
5.16
-9.09
-5.63
9.1
9.58
2.36
-4.72
6.35
-3.91
-5.52
-3.13
0.43
-5.26
-2.28
8.27
-1.75
-8.37
8.2
-8.12
-4.11
-2.45
0.1
8.94
-4.31
-6.78
0.03
-5.11
-4.78
1.27
4.89
1.41
-4.65
-8.77
0.48
2.9
8.98
4.24
1.94
-9.6
0.08
4.34
-8.63
4.81
