2000
6.26
1.26
-4.29
-0.68
-4.27
9.83
3.07
0.06
-0.72
2.4
8.81
9.55
0.48
-6.27
-0.93
-2.9
0.7
-4.28
8.29
-3.75
-5.18
6.46
7.91
-5.96
-8.34
8.83
9.96
8.87
1.99
-0.56
3.0
4.37
-8.66
3.77
1.79
-7.65
-9.51
0.05
-2.15
-7.78
-5.47
2.71
3.82
2.89
-8.66
4.19
-3.52
7.31
-8.7
1.86
-1.44
9.48
-2.63
-1.88
4.24
-0.28
5.59
-0.93
-4.94
-9.96
-0.22
-9.6
7.15
9.87
-7.06
7.66
-9.05
7.8
9.01
1.07
-7.22
0.33
9.77
7.65
8.16
3.76
4.51
-2.87
4.41
-2.28
2.37
8.7
-6.05
8.94
-8.62
-1.34
1.01
-1.28
2.92
-3.61
1.69
5.57
-2.57
-2.53
-8.65
2.54
7.62
-4.36
-0.64
2.48
-8.57
0.02
2.05
-1.2
0.25
1.45
-1.17
6.92
-2.46
-7.31
9.38
9.98
-7.19
3.45
2.02
7.08
6.99
9.05
-8.28
-3.58
3.65
4.92
-8.23
1.89
0.54
-0.9
9.05
-4.83
-8.18
9.89
3.36
3.49
3.3
-0.0
-0.85
-5.03
-3.47
7.63
-6.48
-9.55
-4.11
-0.57
7.65
8.84
-5.53
-0.33
3.89
-3.75
2.37
-0.58
-6.57
-1.78
-6.71
8.03
-8.21
-3.28
-9.58
-1.72
1.61
6.56
0.83
-8.62
-0.36
-6.79
-0.6
5.48
-4.16
8.98
4.14
2.13
1.38
-0.2
5.95
2.73
-6.71
-8.69
-2.23
3.65
7.71
-3.05
1.46
-0.41
4.68
6.23
-1.13
-3.42
-2.32
3.49
-5.89
6.09
2.88
6.1
3.62
-6.93
-7.3
-9.09
-5.31
-6.4
4.89
-9.16
4.07
-6.38
-4.41
2.59
5.45
8.24
3.84
1.59
4.29
8.92
-4.28
-5.09
-0.63
7.1
-4.75
-2.09
-1.61
-7.48
-6.03
-5.25
-1.58
9.77
1.32
-9.24
-5.64
-7.17
-5.57
-2.88
4.83
1.83
-4.95
6.72
-1.76
7.1
-2.44
8.11
-0.61
-4.04
5.0
-6.77
-1.56
2.2
-3.23
3.13
-9.9
-2.7
1.35
2.36
1.85
-6.19
2.55
4.1
-9.22
8.98
-7.92
9.82
-7.83
-4.18
-3.67
7.76
3.58
-1.85
8.3
1.36
9.14
8.58
1.24
-5.76
0.78
8.9
9.08
-6.98
-2.26
-6.46
4.41
-8.53
-4.67
4.29
4.92
2.17
-6.97
-2.94
-5.12
0.69
3.16
4.1
8.46
-3.57
8.25
9.13
-5.21
4.42
5.42
-5.72
0.84
-1.5
0.72
-1.45
6.89
-0.37
-0.7
8.43
2.77
-6.0
6.2
3.85
-5.19
2.95
3.62
-5.41
-7.24
9.73
-3.19
9.09
9.47
-0.08
-4.92
0.05
0.83
3.25
-9.39
-5.6
-7.73
7.33
-2.26
5.24
-5.82
4.16
-4.05
-0.69
5.11
4.95
0.33
-3.79
3.85
-2.44
-0.83
-8.51
-4.72
-0.87
9.41
-4.41
0.18
-6.59
-9.57
2.74
2.23
-8.59
4.37
7.46
-4.81
-7.97
3.54
-7.68
-3.39
3.89
1.08
-8.22
-2.37
4.48
9.91
0.17
2.75
0.42
0.25
9.0
8.67
-9.49
-9.83
8.18
-4.16
2.68
-7.59
-4.97
-6.53
-7.03
-6.37
6.03
-5.87
-5.32
0.84
-8.91
5.24
-9.3
4.28
1.08
-0.11
-2.55
0.72
6.38
1.52
-5.9
5.88
-2.46
-3.38
-8.34
5.79
2.68
-3.97
4.96
-8.76
5.57
1.37
-4.77
1.19
7.0
-3.52
1.23
-3.09
-7.24
1.33
7.49
-1.21
4.03
8.47
8.71
-6.54
3.4
-6.87
7.93
9.42
9.2
8.92
5.11
-8.58
3.59
6.43
8.89
-7.27
-2.52
6.01
6.95
8.19
0.5
-1.34
-6.21
0.15
-5.6
8.29
2.71
7.2
-0.23
9.39
-8.32
-5.96
0.3
-4.33
-3.28
4.06
-9.3
-3.75
1.86
3.53
8.36
-1.68
3.83
8.26
-2.42
-0.43
6.79
5.71
8.87
8.48
-7.28
7.12
-5.85
-3.75
-8.61
3.55
1.34
0.72
2.97
7.19
-3.5
-4.58
3.8
-9.45
6.44
-7.65
6.87
4.12
5.2
-3.82
4.29
-6.15
9.0
-0.4
8.22
-6.19
-1.84
-4.45
9.6
-6.96
-6.55
-0.8
9.71
6.01
3.21
-5.38
2.4
5.75
4.79
5.11
7.29
0.05
-3.78
-0.01
-1.8
1.83
-8.79
-2.05
7.97
4.23
9.37
-6.86
2.44
-3.02
-0.55
-0.52
-5.28
6.54
-4.4
2.58
6.39
0.69
-1.51
9.9
4.24
0.35
-3.48
5.12
-4.06
9.89
-1.6
-7.63
-1.38
-2.05
4.04
4.59
9.87
-0.01
8.79
-6.63
5.09
-3.78
-6.61
-2.57
-9.34
9.04
-5.72
-6.8
-2.94
9.15
-2.73
-5.92
7.5
-3.7
3.78
2.09
-5.71
-5.05
-0.63
-9.98
-4.85
5.26
0.26
7.83
-2.15
-8.04
8.14
4.67
-7.99
0.57
-6.1
6.57
5.95
5.84
-5.49
-9.8
8.74
-9.97
-5.16
-1.37
-1.82
-1.58
-3.45
9.31
7.98
-8.08
1.97
-0.72
5.07
4.46
7.9
1.13
-3.97
-0.88
1.13
-6.05
-0.56
-3.67
-1.41
-0.24
-8.02
-7.93
7.55
-3.37
4.48
6.27
3.14
-0.2
-5.31
-6.07
9.6
0.81
-9.41
5.07
-4.2
9.21
-4.37
-3.8
2.81
-5.75
-8.52
3.74
6.34
-0.7
8.1
7.75
-2.67
1.58
7.56
-3.07
0.85
-8.62
-8.55
-6.06
1.13
-3.76
7.62
-1.91
-5.34
-2.25
-9.16
5.02
7.24
1.6
5.31
0.42
-4.75
-3.54
9.44
8.38
-3.08
-8.94
-4.16
-2.45
-7.59
-2.64
-4.68
-9.46
3.1
4.54
3.1
-4.91
5.63
-5.61
8.97
-9.33
5.87
-1.89
-7.9
-5.63
8.69
7.9
-3.88
-5.83
8.86
-9.68
8.71
2.19
3.37
-9.14
7.13
1.27
-8.99
4.86
-2.68
7.96
5.35
7.78
-0.81
9.66
-3.1
-5.48
-1.22
-9.19
-8.74
-1.28
7.13
3.67
-6.07
-5.43
-9.42
9.71
-5.16
2.13
-1.67
-1.02
-7.47
-5.28
7.8
9.38
-2.0
2.73
-4.17
-1.69
1.84
8.1
0.66
-2.48
4.64
1.86
6.14
3.26
5.12
-5.46
7.04
-6.53
6.74
5.12
-7.4
6.86
7.11
8.23
-5.99
5.05
4.36
8.34
-2.16
8.45
8.83
1.22
-3.7
9.06
-5.01
-7.5
3.14
7.27
-1.73
-2.89
-0.58
6.97
-2.89
-8.49
9.41
-4.46
-8.51
-1.83
1.55
-1.4
-0.8
-9.32
9.62
6.44
-4.82
1.37
-3.21
5.5
-5.6
-5.83
5.48
-0.09
2.73
-6.34
0.72
-3.43
-9.79
-9.49
1.4
1.45
9.04
7.86
-8.72
7.27
3.33
3.81
7.62
-3.62
-2.78
2.77
-1.31
6.67
-2.53
-7.8
4.9
-6.97
-7.46
5.76
0.41
-7.78
1.27
-5.18
-9.37
-4.35
3.44
7.67
-9.74
0.03
-0.98
8.52
-2.23
4.62
-2.97
-0.1
-0.76
9.99
-0.09
1.76
7.02
1.4
2.01
7.56
9.61
-6.95
-7.94
-5.71
2.03
-0.58
9.33
2.08
5.41
-4.0
-2.4
-0.95
4.93
3.58
4.74
0.51
-4.4
-9.66
8.98
-8.8
-2.18
-0.26
8.57
-0.55
-1.55
5.71
-9.85
5.99
2.0
-3.96
2.42
5.25
3.29
2.92
0.65
-2.98
-0.81
7.39
-0.04
4.69
3.29
-3.66
5.41
3.22
7.33
-5.95
4.5
2.14
7.95
-3.47
-5.54
7.64
6.47
7.99
-9.64
-1.69
7.23
-6.26
-0.8
8.89
9.15
0.26
-3.25
-0.78
-5.56
2.49
8.88
6.17
-7.12
0.51
1.06
6.4
1.98
-8.35
-4.46
2.57
-7.28
-4.57
9.25
-1.72
-2.1
-8.38
1.89
9.9
9.69
-7.84
-6.76
3.27
3.47
-5.03
0.41
6.78
1.42
-8.07
-8.56
-9.63
-6.31
-5.61
-0.28
2.76
-9.66
6.16
-0.53
8.98
-4.17
-2.77
-9.4
2.85
-1.69
-5.24
-1.57
-4.0
-8.94
2.75
5.72
-8.26
-7.61
7.64
-4.85
-2.09
-4.31
1.7
1.4
-8.87
-7.57
2.86
-2.58
-6.23
7.08
-4.27
6.13
-7.86
-8.07
-2.46
-7.19
8.79
-2.36
3.01
6.54
9.73
-6.84
-9.18
5.03
3.26
-4.31
4.22
-7.95
8.41
2.03
-1.97
4.65
9.54
-5.41
1.06
-3.43
-0.14
5.75
8.42
5.98
7.53
0.48
-8.27
-9.79
-0.22
1.36
8.52
5.56
7.35
-1.85
-9.12
9.96
-0.29
-3.76
4.44
9.29
8.29
-9.12
-2.31
7.52
9.37
6.54
2.0
-5.79
-5.63
-3.95
-6.42
-6.65
-0.29
-0.14
3.74
8.72
3.07
-3.97
5.89
-9.31
5.37
-3.63
-9.01
-2.41
4.41
-6.19
-4.33
0.17
6.18
7.67
3.63
-9.09
-4.62
2.44
4.37
3.55
-5.94
-2.53
4.15
-8.76
-3.45
9.78
-8.39
6.98
-6.32
2.32
-5.59
-6.98
-6.6
-1.95
-7.83
2.93
7.21
8.54
4.61
-7.05
4.61
-5.4
-5.42
-7.53
-0.96
-0.58
5.81
-2.96
-8.6
-3.37
9.07
2.96
-9.11
-5.69
6.02
-3.23
-3.79
4.28
3.28
-8.65
-5.49
-5.58
0.49
8.93
1.63
-4.91
-2.31
3.47
-9.56
-4.48
-7.83
-1.82
9.78
9.63
-6.86
-0.3
7.04
8.64
7.53
1.43
-5.08
-5.13
2.05
-6.17
-5.64
-3.84
-7.99
-5.88
2.93
7.02
6.34
-9.3
-0.36
1.86
1.18
-9.29
-0.59
-9.3
1.33
-5.72
5.51
4.59
-9.56
-3.09
0.69
-5.79
2.5
-7.04
6.36
3.44
6.81
6.03
2.45
4.86
3.46
6.66
-8.94
5.66
-8.67
-3.91
1.47
-2.35
-5.53
7.23
2.01
2.01
4.07
1.89
-4.88
-1.34
-9.54
-8.23
-8.88
1.84
-5.46
7.17
-4.86
2.49
-8.25
8.95
-3.23
5.42
5.38
-2.43
9.98
9.67
-5.54
-2.08
9.08
4.82
4.95
-6.77
-2.63
-8.96
-0.18
6.31
-3.16
4.78
6.08
4.1
-2.3
6.52
3.98
0.02
-5.67
4.41
3.41
1.1
-3.0
7.0
-1.73
-8.57
1.53
5.06
1.57
2.06
-5.89
-3.56
-4.65
2.1
9.11
-1.75
-2.85
1.47
-3.32
-1.19
4.87
6.31
4.93
5.46
6.65
-6.46
-3.15
-2.94
8.29
-6.84
-6.38
-7.94
5.61
0.69
-0.2
-0.09
2.29
-1.75
-7.92
9.18
-4.93
-7.34
-3.76
1.6
-5.55
-9.51
3.24
4.71
-3.92
7.94
-1.85
8.88
-2.25
-1.2
-8.98
6.38
2.39
9.29
3.08
6.55
0.98
2.67
-4.38
-5.83
0.21
7.13
2.28
-8.45
4.97
8.22
6.7
5.09
-0.77
-0.46
8.29
-2.54
5.61
-6.94
5.97
-4.09
3.27
5.63
9.9
7.63
-1.29
8.54
4.82
-6.93
2.46
-3.47
4.87
1.57
-6.43
-1.96
2.43
-7.01
4.83
4.19
-4.21
-4.61
-8.52
0.78
2.37
1.96
9.57
0.12
1.09
-0.63
-2.85
-9.21
3.09
-1.71
8.74
8.53
-0.92
2.24
7.78
3.03
-1.67
-0.89
-5.88
7.14
-8.69
3.42
8.08
9.7
1.68
9.41
-7.78
-2.76
-2.66
-4.79
-2.0
-1.14
1.45
-5.41
-7.04
4.89
9.63
-3.97
0.57
6.61
8.14
-9.37
9.67
9.93
-0.64
4.4
-3.33
-4.05
2.6
-2.22
-3.37
7.38
0.21
9.85
-1.0
7.24
-1.66
2.31
-5.0
-2.4
-4.02
-3.0
-4.35
-8.39
4.21
-1.93
1.46
3.2
2.1
3.91
5.81
-0.03
-3.73
-3.17
-9.64
5.6
-8.13
-5.06
1.2
-1.65
-1.15
-8.84
1.1
5.77
-3.91
-2.93
9.49
2.82
0.17
-5.3
-7.8
2.36
-0.03
-5.63
5.64
-6.0
8.97
5.24
-6.37
-6.64
6.98
-0.17
7.02
-2.13
8.11
-0.01
6.18
-8.79
2.64
1.72
-3.23
8.01
8.38
6.98
-0.38
-7.28
-5.91
-6.34
1.22
-0.19
-9.99
6.48
-3.09
2.87
-9.77
-9.17
-1.32
-1.93
6.65
-6.84
2.48
-3.82
-7.26
-7.7
-8.95
2.01
-8.16
5.23
6.77
-8.38
7.86
-7.75
3.51
-1.33
2.84
7.69
-7.86
8.03
4.38
-8.47
6.46
1.27
7.04
0.64
0.42
-1.62
8.93
5.76
-7.87
-2.37
-3.58
7.35
-5.65
7.24
2.66
-2.95
-4.0
-2.59
6.08
-7.09
3.76
-0.0
4.18
4.73
7.07
-6.73
7.94
3.8
-5.53
-7.07
-5.04
-0.72
-3.32
8.74
-0.29
9.26
-0.16
7.74
-4.24
4.43
-7.2
-8.67
-5.76
6.65
2.07
9.62
6.84
3.45
-0.32
8.92
-6.23
-5.52
-1.07
5.14
-2.1
-1.11
-1.95
7.74
8.02
1.69
2.15
7.57
-7.49
-9.13
8.41
-7.89
-9.27
-9.95
-5.28
8.34
7.87
-9.55
0.84
1.47
0.04
-7.01
2.71
4.47
3.2
-2.15
-8.46
2.5
0.05
8.26
4.25
8.62
2.76
-1.05
-5.94
-7.37
0.05
-1.14
-3.01
7.16
0.99
7.07
-1.91
-7.99
4.55
7.41
0.93
-9.22
9.13
-4.81
6.45
7.34
-2.02
-8.12
-7.59
2.08
6.59
5.78
-3.28
6.15
8.71
-8.21
8.77
-1.46
-3.58
5.48
-9.48
5.79
3.56
3.9
0.45
0.82
3.99
-5.85
2.34
4.04
2.52
-3.87
-9.74
-1.19
-2.53
-2.5
-2.17
-7.69
-2.63
7.48
1.65
-9.08
-5.22
1.68
-8.61
-9.6
-5.45
-0.16
-5.42
-3.18
1.5
4.17
-4.68
3.24
-4.28
6.56
-3.66
-2.01
-2.74
3.92
-4.68
-4.08
-2.09
-1.65
6.36
0.07
8.83
9.46
-2.67
2.28
-9.57
-6.67
5.22
-1.53
0.52
-5.18
5.89
-4.8
-4.87
-0.18
2.63
-7.88
4.69
3.8
-7.04
0.71
5.57
8.98
7.02
3.01
7.13
-6.08
-2.5
-7.51
6.41
3.33
3.56
6.05
9.59
-5.5
-1.87
4.22
9.36
6.16
5.43
-5.0
-0.94
4.4
3.25
2.52
-2.45
-4.0
5.75
-6.87
9.35
1.17
5.35
-5.26
-3.03
-8.17
-9.94
9.01
5.29
0.55
5.27
-1.28
1.23
1.66
4.85
3.77
6.41
3.07
-7.15
-4.76
4.54
-0.84
7.74
-0.94
6.31
1.61
-3.57
-6.37
4.88
1.8
6.75
9.03
-3.13
2.71
1.25
-1.6
1.41
-9.88
9.24
2.0
0.3
1.2
9.78
2.86
-8.27
9.93
-5.46
7.06
3.62
-1.0
1.19
1.18
8.04
-7.55
3.58
-5.55
9.83
-2.28
-8.9
-4.45
-4.6
1.15
-7.1
-9.97
-0.46
-4.81
-1.53
4.7
8.53
7.6
5.29
3.09
-2.46
7.99
5.38
1.77
-7.6
-8.77
1.74
-1.01
-8.1
-7.95
-7.15
6.52
4.02
-3.47
-5.1
7.45
6.11
5.69
0.56
0.69
-2.93
-3.54
7.29
7.99
-3.22
-8.6
6.87
-7.24
-3.34
-7.52
2.12
3.0
5.7
8.04
-3.85
-5.93
6.84
-6.38
0.86
-7.06
-8.78
-8.29
-3.07
5.44
3.3
9.86
2.84
-6.24
-2.28
6.59
-3.84
-8.49
-7.66
4.63
5.65
6.29
1.63
1.67
-6.5
-4.43
-6.86
-2.42
-2.05
-3.74
-1.11
-4.65
7.81
0.06
-2.77
1.65
-2.78
3.84
1.76
-2.6
4.42
-9.33
9.16
8.64
2.42
-7.46
-0.46
-6.39
3.85
1.59
-0.86
-0.88
-0.0
8.51
-7.14
0.42
-1.16
6.34
-6.33
-1.44
5.32
8.68
8.84
-4.69
1.66
-3.46
9.84
8.04
-4.73
5.19
7.61
5.66
-1.99
-6.91
-5.24
3.95
6.54
-4.93
-7.11
9.33
-9.7
-3.77
8.78
-3.92
3.26
6.3
5.04
7.11
3.96
8.71
-5.55
0.71
3.27
-2.26
3.66
-1.08
9.66
7.25
5.93
-8.84
-0.77
-8.98
-3.07
-0.16
2.64
-3.21
3.04
7.78
-0.06
-3.08
7.3
5.97
3.19
3.31
-2.18
1.82
0.13
2.74
2.37
3.91
9.48
-7.32
-8.0
6.1
1.53
3.06
6.97
-0.92
-7.66
-4.76
-6.28
-1.83
-7.24
-7.8
-2.49
5.95
3.25
-7.45
-3.95
5.66
9.53
-4.89
8.67
-7.57
-0.12
-6.21
-4.3
0.89
-9.77
4.56
2.41
9.16
-0.29
5.6
0.71
-0.7
8.75
0.37
-5.09
8.85
0.6
-9.27
2.79
2.19
-1.61
-1.53
6.57
-9.79
8.0
-5.22
-2.54
-5.88
-7.77
-8.23
-2.6
3.35
1.35
6.91
6.31
1.88
3.86
5.27
5.78
1.72
-2.83
7.05
0.45
-0.55
-8.65
8.39
-5.0
-6.59
4.52
-1.79
-0.28
-0.41
6.18
-8.11
-4.61
-5.21
-7.78
7.3
-5.15
-8.94
-0.3
7.16
-8.44
3.8
6.69
-7.37
-3.98
4.22
-1.84
-2.01
-3.98
6.65
-9.63
-6.41
9.71
-7.71
-7.28
-2.15
0.5
6.29
-1.56
2.68
8.4
-6.39
7.24
-8.29
-6.07
-5.03
-7.22
5.54
5.61
7.75
-3.98
7.64
2.12
-6.48
1.84
7.18
-5.39
-3.87
-0.53
0.75
7.56
1.91
