5000
6.98
7.32
9.58
6.52
-8.78
4.35
1.58
0.2
-0.67
6.86
5.01
1.15
-3.73
4.15
3.68
9.84
-9.56
-9.19
4.84
-5.97
7.5
-7.41
-6.29
1.13
-3.23
-5.16
-1.09
-5.72
4.7
8.45
2.89
5.57
-8.21
5.9
9.86
0.11
-9.19
-3.79
-2.39
2.57
-4.19
9.85
0.37
0.89
-6.44
-4.4
7.77
-5.74
-0.55
2.25
9.84
-7.39
-5.11
-6.75
-5.1
0.27
0.8
-1.76
7.22
7.74
-3.47
9.72
-8.52
-0.33
5.48
-9.24
-2.41
-8.0
-8.31
-9.79
-6.56
-1.79
9.59
0.12
0.15
-6.63
3.26
4.08
-2.81
8.35
7.55
-8.79
-0.9
4.14
9.81
6.34
-1.88
-8.82
6.55
1.94
7.8
5.77
-1.58
-9.27
6.17
1.1
-3.21
9.13
-5.84
2.85
8.61
7.94
8.21
-9.47
1.26
9.59
-0.03
0.16
6.05
-3.88
-4.9
2.01
-3.31
-1.74
-9.9
-0.49
-6.68
-2.31
3.42
-8.14
-8.81
-1.21
4.35
7.27
-0.85
-2.07
-7.74
-6.18
6.07
-1.42
-9.54
-6.13
7.84
0.63
8.61
-9.25
-6.69
2.63
-9.44
-5.51
2.89
7.08
-1.88
1.18
-8.69
-7.91
-1.91
-3.97
-7.89
0.21
7.85
-0.39
-4.4
-0.91
-6.78
-9.14
-9.98
0.59
-6.2
-3.93
-2.49
7.42
9.13
-5.0
-8.88
0.82
6.29
8.68
4.75
6.79
-2.9
5.18
6.95
7.15
-7.99
7.89
-1.67
8.56
-9.48
-6.98
9.27
4.27
-0.15
-4.19
-6.67
-4.33
-9.04
5.67
1.93
-5.33
-1.61
1.69
-3.9
-2.5
0.68
7.17
1.47
-0.94
-5.09
-9.63
5.05
-1.0
6.25
-3.85
-8.41
5.51
-7.86
2.94
4.04
-9.42
-2.34
-7.27
-4.28
7.79
-8.98
-4.0
3.43
-2.52
-5.44
3.21
-4.72
-7.49
6.42
9.27
4.47
3.49
-4.72
-4.47
-2.42
-9.03
-1.16
9.09
-3.72
5.27
7.63
-0.77
-4.54
6.33
2.18
-0.43
-3.36
-7.63
8.0
-0.5
8.99
0.35
-1.11
0.25
-0.94
5.84
6.83
8.67
6.53
-3.35
-8.86
9.18
-1.99
-8.89
0.68
2.13
1.64
-0.53
-4.04
-4.17
-8.25
7.79
-1.36
-6.88
3.92
-5.62
3.97
-9.77
2.75
3.39
8.28
-7.72
0.82
6.38
5.81
0.27
9.55
-9.54
-2.16
-5.33
9.49
6.36
-7.76
3.57
8.55
-7.47
0.33
1.5
1.22
4.38
-7.15
9.89
4.56
-7.77
-8.61
-3.45
-3.14
0.69
-9.61
6.33
-6.95
-3.93
1.61
8.88
-0.0
-4.71
0.59
7.52
-0.35
1.3
-0.01
-8.38
8.34
-3.94
1.53
-4.43
9.63
9.4
-1.53
-4.55
3.97
1.96
-5.26
8.15
-9.93
3.88
0.28
-2.08
-0.18
0.8
-8.69
-2.45
0.75
4.23
9.02
-3.37
-1.64
9.74
7.31
0.6
-6.94
-0.71
5.14
-3.63
1.41
-2.27
5.99
-7.0
3.54
3.83
-9.98
-1.12
-6.24
-3.41
9.54
7.53
2.09
-2.41
7.13
-0.46
8.93
-5.72
-6.13
4.19
-2.6
1.36
7.03
6.75
0.13
-2.24
8.99
-5.05
-7.64
-0.2
8.52
7.71
0.89
6.96
5.39
-6.78
-6.37
0.64
3.08
-9.13
-0.92
-1.39
9.36
-1.03
0.53
6.61
0.42
-5.1
-7.2
6.64
-8.07
-6.55
7.72
-7.9
9.02
0.91
9.86
-5.96
9.48
-0.7
-6.91
-0.15
-8.75
-6.72
-5.03
-3.64
6.0
3.75
-8.48
-4.49
-5.49
-7.0
3.37
-9.29
7.14
3.1
2.37
-5.58
0.08
-1.1
-1.33
2.41
-0.41
-8.02
6.46
6.3
-7.13
6.22
-1.99
1.17
-4.06
7.07
9.59
-2.83
2.72
2.15
5.81
-2.36
-1.12
-8.58
8.91
4.04
-8.17
-3.65
-7.96
-1.85
-7.11
4.16
-5.77
-3.57
7.83
-9.38
-8.74
-1.42
8.2
4.63
5.55
-3.69
1.16
-6.59
-6.53
9.46
0.94
4.75
4.74
-9.57
-7.71
7.2
-7.62
2.89
2.94
-9.1
-5.43
9.1
-1.84
6.59
-4.99
-4.65
-0.37
-0.15
-3.75
2.81
-0.81
-4.59
-6.0
-7.32
-5.53
-9.97
-7.0
-9.84
-8.84
8.81
-8.85
-2.86
-4.23
-8.98
0.77
4.01
-0.49
-4.49
-7.96
-3.86
9.02
5.41
8.82
1.11
3.24
5.93
-3.84
3.31
1.41
-4.4
4.49
-1.34
0.67
7.81
2.73
-3.67
9.17
-5.59
-8.13
-4.03
-1.11
8.82
5.54
-0.03
0.36
6.25
-4.6
8.55
-8.69
-6.15
5.45
-0.43
0.77
-8.49
-4.49
3.83
-1.11
-9.64
-6.0
2.72
-7.77
-7.23
-5.93
7.28
7.52
-5.52
1.17
-5.24
-4.9
3.49
-6.89
-7.33
0.38
-4.08
1.33
-0.1
-8.55
6.84
2.37
1.36
5.53
7.22
-8.0
1.88
-6.25
-2.88
8.11
0.78
4.65
3.21
-4.32
-8.92
-4.43
3.8
-9.72
3.86
-8.47
7.48
1.39
7.85
-1.03
3.02
-6.72
-7.46
-0.72
-9.13
1.91
7.57
-7.83
-5.28
2.13
-0.39
3.3
-3.11
-1.9
-0.3
8.91
9.16
7.77
6.65
7.33
-4.31
-2.46
4.57
0.93
1.02
-9.77
7.12
7.07
-2.01
9.84
0.29
-5.57
-5.01
-4.83
7.84
4.94
9.04
3.9
6.31
-4.88
0.88
3.91
-9.2
2.17
-2.44
1.38
4.93
4.21
-3.66
7.72
-2.7
1.36
4.8
-3.71
1.01
-6.12
8.61
6.03
6.68
3.48
-8.58
4.76
6.79
3.34
4.53
0.8
7.11
-9.93
-6.5
-3.01
-0.76
2.47
8.92
-6.42
-2.81
5.64
-8.24
-0.14
9.11
6.95
9.4
-4.21
3.49
9.96
-3.85
9.58
5.5
2.63
5.42
3.72
4.31
-0.71
9.15
-3.77
-4.8
-4.85
0.25
2.75
9.04
1.63
-6.29
-6.29
-8.89
5.24
-4.08
8.04
-4.79
6.33
6.29
-6.83
4.18
-0.68
8.97
9.65
-4.48
2.62
7.14
9.4
0.44
-3.82
3.23
-0.72
-8.13
-1.75
2.22
-1.5
2.43
-1.06
-2.25
-9.76
-5.43
-7.49
-1.63
-2.66
-5.22
-7.46
6.62
5.34
1.7
5.02
6.74
4.89
-3.6
-3.95
-2.51
-6.2
-3.8
7.81
-6.89
0.62
-9.05
-7.23
-6.45
4.96
-6.57
7.46
6.12
-3.1
-5.7
-9.16
4.78
2.91
4.99
2.38
3.29
1.34
1.32
-7.4
6.36
7.52
-8.14
-8.84
-0.73
-0.05
-6.96
7.23
-7.08
5.91
-4.87
-6.07
8.64
-9.39
3.05
-8.08
4.26
-6.81
-5.0
-0.56
-5.13
-0.1
6.8
-7.64
5.86
0.2
4.11
-3.14
-0.79
9.36
-2.83
-1.08
4.94
5.52
9.76
-0.47
3.59
-3.05
-3.57
-1.38
-1.19
-9.14
-5.24
5.74
-3.63
8.97
1.59
9.5
-9.92
-7.21
2.63
5.63
-4.31
8.02
3.72
8.94
-3.05
-2.84
-5.81
6.98
-8.46
-7.74
0.21
-4.39
-5.53
6.07
-0.25
3.46
-7.69
1.33
-8.61
8.28
-1.42
-7.9
3.39
-9.13
-4.24
-6.57
-0.78
4.61
3.35
-6.48
3.61
-5.07
-6.76
-5.39
-7.47
-8.63
8.61
-1.83
0.23
-6.32
8.99
3.42
4.96
-8.82
-4.71
2.63
-3.83
-1.64
-3.6
-0.21
-3.07
-9.07
-4.03
-2.26
-3.09
0.32
-1.76
7.06
-7.81
-0.75
1.33
-1.08
3.28
7.13
-8.72
0.38
1.78
-1.93
-6.21
8.96
8.63
8.21
-5.94
-9.14
0.27
-5.82
-8.96
1.16
1.64
1.48
5.58
-5.27
-3.54
-5.59
-5.8
8.15
-8.8
-2.41
-3.58
6.68
0.66
-3.93
-5.12
4.81
-8.06
-8.85
-8.21
-0.27
8.51
-9.75
6.46
4.34
7.61
6.53
7.68
-7.0
-7.45
-3.48
2.5
4.97
9.7
-7.59
-7.98
3.52
-4.63
-6.88
7.94
5.18
3.07
-9.06
0.54
0.63
-8.79
3.53
7.17
8.47
-8.76
-7.35
-1.67
0.64
-9.29
-3.81
6.08
5.67
-9.16
0.58
-4.88
-2.43
4.07
4.45
-0.41
-5.72
2.36
8.21
-9.6
5.08
-9.59
-3.82
1.5
5.07
1.48
9.32
-6.65
-9.12
8.91
-3.17
3.71
8.97
-5.24
-2.16
-7.53
-8.61
-3.29
7.35
-6.25
-6.86
1.5
6.02
4.62
2.52
-0.3
-6.06
6.03
-4.13
1.08
3.53
2.83
-1.01
-6.47
-4.53
-3.27
-2.76
-4.31
7.55
2.04
3.06
9.08
3.31
6.98
5.9
-8.76
-2.89
-3.27
-3.46
-9.11
-2.96
-7.62
3.0
8.82
-0.38
-8.15
6.37
-1.91
2.0
2.78
8.11
2.59
-3.71
-7.15
-0.69
-3.03
-1.13
-9.55
2.21
4.37
-0.97
4.91
1.63
3.88
6.73
-9.84
-3.25
-1.04
9.84
-6.46
0.99
3.33
8.98
5.13
1.4
8.42
0.26
4.0
4.95
-8.25
3.89
7.56
6.13
-8.08
8.06
-4.42
-5.3
9.45
2.14
6.53
-4.02
3.27
3.07
-8.26
-7.42
1.07
0.34
-7.17
-5.25
-8.24
-5.94
-3.51
8.32
4.9
9.43
2.43
8.22
-4.55
0.53
-2.05
0.74
-8.76
0.29
5.89
-6.83
-1.83
5.92
7.43
4.55
-4.4
-3.74
-7.71
4.22
-7.45
2.91
4.1
-7.4
-0.15
-2.84
-7.27
-9.1
-1.33
-6.66
7.34
8.77
-8.0
-2.02
-1.63
-7.33
4.47
-7.46
0.03
-0.4
-7.57
-1.31
-5.07
-0.3
4.43
-8.13
-6.54
8.72
5.35
9.65
-5.41
2.04
3.53
-1.36
-3.68
0.68
-6.87
8.13
-6.82
-3.82
-6.97
0.86
-6.27
-9.47
-3.93
9.36
7.96
6.39
-7.33
9.5
1.96
2.96
9.84
-6.43
-3.84
7.22
0.33
3.17
-8.78
2.96
-9.69
-0.97
-3.81
7.59
-5.09
-3.84
-4.09
-3.73
6.89
-4.77
6.24
-5.56
-7.48
5.1
-3.45
-9.68
-7.23
-0.24
5.22
-8.13
0.73
-1.24
-1.51
-2.25
-2.79
-1.32
-9.94
9.08
-1.09
6.53
2.81
-4.9
6.51
7.28
-9.46
0.37
0.46
8.74
5.67
-2.27
5.28
-3.12
0.98
-6.11
6.96
-6.35
0.74
6.04
-7.38
-1.19
7.02
7.71
6.57
8.81
-7.68
5.99
-1.85
0.53
8.76
2.28
2.95
-5.38
-0.89
-1.76
-3.96
6.64
-3.2
1.06
-6.85
-8.63
3.68
8.24
-8.46
1.75
-5.91
2.55
-0.88
-9.36
-8.83
-8.74
-9.81
-0.39
3.71
1.11
0.88
4.81
5.47
0.76
-3.26
6.16
4.56
-4.14
6.71
-1.64
-1.97
3.11
-0.94
4.56
1.94
7.25
2.36
3.56
-0.76
-2.51
-5.94
6.95
-10.0
-4.56
-9.1
7.28
-2.36
5.6
-7.2
-4.48
2.99
1.59
-1.83
-5.32
-9.97
6.41
-4.67
-8.6
-5.92
0.67
-9.11
6.55
-7.88
5.5
-9.19
0.79
-0.95
1.36
-6.55
-0.99
6.58
7.41
7.96
-4.91
-0.67
3.88
-3.44
2.36
1.52
5.84
2.71
4.75
-4.2
9.99
-4.45
8.95
-6.62
-1.99
-8.8
6.43
-3.66
9.58
9.01
4.23
5.37
0.15
1.55
4.38
-6.95
-7.93
-4.4
0.24
7.43
8.09
-7.98
-5.24
8.51
-8.11
-7.6
-3.45
-6.22
8.78
-0.43
-8.97
9.71
4.92
-8.56
-7.23
7.48
-2.5
2.06
-9.96
2.61
2.28
4.92
3.18
7.51
6.22
-3.04
1.78
-0.7
-4.34
5.4
8.17
3.85
4.26
2.23
-2.61
5.65
6.16
-3.3
5.48
-0.29
5.54
7.23
3.63
9.6
6.2
4.82
-9.39
-2.33
1.43
6.82
-2.08
4.19
-0.41
-0.57
5.3
7.34
1.99
6.59
7.8
8.28
2.22
4.34
5.26
-5.13
4.1
-2.8
-9.4
0.4
-5.65
9.29
2.12
9.53
-1.47
-1.93
-6.07
-1.8
-4.14
-8.55
-5.67
7.66
2.05
3.89
0.53
-6.96
-9.64
2.5
1.86
-1.71
-3.79
-5.46
5.76
7.22
-5.26
-3.07
5.06
-4.52
5.63
9.28
-4.55
-5.35
-9.54
-9.87
-7.61
-3.61
0.74
9.44
-4.65
5.13
8.77
7.24
6.28
-7.93
0.78
-0.27
0.95
2.69
3.91
-4.12
9.93
1.58
4.51
-0.18
-7.54
-4.12
9.76
2.04
-9.92
-3.98
-0.72
6.52
-2.55
-5.4
6.65
-0.62
9.6
3.62
-1.1
8.74
0.21
-3.86
7.27
5.17
-2.1
-5.14
-2.49
4.14
-4.94
-8.0
-7.49
-0.74
5.36
-2.05
7.35
-7.05
9.63
4.6
2.92
9.95
2.21
-2.1
8.81
-5.05
0.42
9.52
4.68
4.87
-7.15
-3.04
8.77
1.66
8.96
1.86
-0.63
-8.36
-7.14
2.85
-3.31
-4.25
-0.44
0.08
-4.03
-6.33
-3.3
-6.07
-0.27
7.13
-2.56
5.14
7.7
4.4
5.91
-2.3
2.77
4.83
2.47
6.32
-6.96
-1.15
-5.01
-3.43
3.57
3.26
0.29
-8.12
3.3
-0.29
-3.94
6.29
8.0
-3.96
-3.96
1.24
-1.74
-0.23
-7.48
-5.4
-0.28
-2.42
-3.85
-4.17
-5.15
-4.95
-9.96
-5.97
-6.0
0.31
8.55
6.85
2.54
8.65
2.28
9.27
-7.86
9.12
0.25
2.69
7.6
0.1
-8.57
6.73
-6.06
-6.63
0.72
-0.98
1.1
-3.58
7.96
9.99
-8.33
-9.04
-6.79
8.14
-4.36
-0.07
-7.27
-6.49
-0.96
-5.13
0.59
-9.48
-3.14
8.61
-2.54
3.45
-0.47
-5.12
8.65
-1.27
-0.6
-1.12
6.19
8.63
7.8
8.5
0.95
3.49
-8.12
-0.75
2.34
-4.21
-4.68
4.78
-7.51
2.95
-5.86
-0.48
6.21
8.84
9.45
-4.35
2.6
3.22
-7.69
-4.57
2.68
-2.58
-6.49
-5.07
9.78
-3.78
-3.29
-5.55
-5.59
4.85
2.21
-1.32
-0.4
-3.08
-3.88
-9.44
-1.76
8.27
-3.41
3.95
9.15
9.67
4.18
-8.4
-6.41
6.94
-0.13
7.12
7.29
-1.4
-4.6
4.22
3.19
-1.18
5.27
5.28
8.68
-4.56
-9.74
5.95
4.29
6.19
-9.65
7.46
9.58
0.94
5.48
-0.21
-9.42
-7.87
-0.87
7.03
5.51
-1.02
0.64
1.95
3.31
8.92
9.52
-2.92
-8.91
-2.09
7.3
-5.12
2.17
6.37
-7.54
-2.87
-0.48
-9.85
-6.08
-2.49
-9.13
1.01
-3.04
-7.05
6.56
-8.15
-4.18
-6.45
-2.2
9.43
-0.53
-1.5
1.27
-7.47
-6.74
-1.39
-8.85
-2.67
4.61
-5.59
-3.7
-8.45
4.18
-2.43
-1.29
5.85
7.05
1.31
8.64
9.36
-0.96
-2.18
9.41
0.7
-5.26
-5.09
1.28
-7.13
-6.85
9.96
-4.4
-3.55
-2.78
-8.97
-2.8
3.63
8.83
3.31
4.43
-5.43
3.05
3.35
7.97
2.98
-1.96
8.09
0.92
-3.61
6.32
5.99
-4.38
6.72
3.86
-3.93
-2.16
-8.94
-1.08
0.2
9.1
5.35
-4.46
-8.85
3.02
7.18
1.03
1.31
-2.62
-9.31
7.73
3.36
4.26
1.42
2.06
1.54
-2.67
6.57
3.32
0.8
-9.6
2.98
6.6
8.4
-9.05
-9.53
-3.75
7.4
-2.83
0.03
9.48
-8.69
8.75
-2.64
1.74
3.89
-9.46
0.22
-1.8
9.06
4.21
2.36
5.76
-3.57
-0.61
-2.79
-1.55
-1.33
-4.62
4.56
-2.96
-4.09
9.6
-5.0
8.65
-8.44
9.81
8.76
-6.57
-9.61
1.93
4.76
-4.48
6.75
4.27
4.54
5.6
3.02
-6.86
-6.92
9.0
-3.43
4.82
0.63
-2.07
6.6
9.92
2.08
7.28
-9.12
7.62
7.63
4.71
-5.03
4.49
-8.59
-5.54
2.31
-0.66
-4.54
-5.79
-5.62
-2.85
-6.66
-3.21
9.31
3.16
7.53
4.09
2.13
7.11
7.79
3.45
9.27
7.68
-7.3
-4.96
4.14
6.75
2.87
9.66
6.62
5.06
1.26
0.6
8.61
-3.73
-5.28
8.79
1.3
-7.97
-1.02
-4.31
8.29
-8.98
-2.03
-4.16
-3.19
1.66
7.06
3.34
-2.75
6.8
-2.66
9.9
0.08
-0.6
0.81
-7.18
-9.54
-0.88
7.28
3.0
0.26
9.5
7.1
-7.58
-8.26
5.33
-2.56
-4.87
3.89
-1.85
-1.06
-4.09
-2.84
-7.6
-0.48
6.91
5.26
-6.01
-9.16
9.05
1.53
-1.15
-6.0
-5.04
4.87
5.79
-0.13
-1.63
-1.71
8.55
-2.35
2.59
7.38
-7.09
-1.5
8.16
6.16
-5.79
3.37
2.2
6.8
8.61
-9.73
0.44
3.89
9.51
-0.93
-2.21
-3.2
1.13
-0.53
5.51
-9.54
-5.96
1.53
2.87
-8.43
8.64
-7.54
-0.37
3.84
7.11
4.52
1.53
6.25
-6.18
4.38
-3.21
3.93
-3.98
2.28
7.86
5.98
1.8
9.24
-3.05
-0.64
0.36
4.25
9.62
1.13
-7.17
9.62
9.13
8.56
-5.38
-2.11
6.42
8.69
-9.18
-8.4
-8.23
8.07
-6.46
-0.52
2.96
-4.81
-5.36
9.93
-5.72
-0.72
-9.24
-5.02
-5.35
6.28
7.49
0.84
-7.91
9.2
-6.79
-8.72
3.61
-4.38
8.14
-8.71
-2.23
6.22
6.41
9.54
-2.2
-7.38
3.8
1.35
-1.14
5.7
7.29
9.58
-5.05
1.98
-5.72
4.46
6.55
-4.46
-5.23
5.72
-1.32
2.08
-2.66
-0.17
4.24
4.33
-3.57
-1.58
7.7
-8.95
4.5
-9.64
6.14
1.62
-2.93
4.76
8.13
-3.11
0.76
3.31
2.14
-0.82
-0.55
9.25
2.0
-1.46
9.26
8.75
-0.42
-8.88
0.36
-4.53
-1.81
6.85
7.09
3.64
5.2
4.1
5.52
-1.99
2.74
7.61
-6.78
8.03
-7.94
9.91
-9.19
-0.72
-6.5
-9.97
-2.23
7.91
3.46
-4.95
0.48
-5.97
-5.27
-7.78
3.53
2.77
4.13
8.47
4.39
9.87
1.12
9.49
6.09
-1.98
6.76
-1.9
-0.47
5.27
7.05
-1.45
-7.77
-3.22
-4.93
4.36
7.58
-3.77
3.74
-4.01
2.36
5.25
8.77
-9.32
-7.65
9.3
2.18
-5.33
3.32
-2.96
7.82
-5.67
8.07
-4.65
-9.96
-7.06
5.22
3.55
5.71
2.09
5.97
-6.46
-4.83
-3.95
2.55
-9.44
-7.23
-5.13
1.64
-2.55
-5.74
-1.49
-9.49
1.38
8.77
5.59
6.16
-4.32
3.76
8.21
-6.41
8.8
-2.43
4.87
-5.85
-1.05
6.16
2.21
7.52
2.61
0.45
0.15
1.9
5.72
-0.98
0.35
5.92
2.37
0.85
-0.94
7.95
-2.59
-1.26
6.32
3.22
-8.84
0.39
-1.03
-1.33
4.44
-7.17
-8.52
1.41
-3.49
0.92
-1.57
1.6
8.48
0.6
-6.03
9.18
-8.99
-3.87
8.0
1.67
9.0
-8.13
2.58
2.29
-4.58
-2.45
3.52
-5.92
9.73
6.54
0.9
6.52
3.22
-9.09
3.32
-3.89
-7.72
3.01
2.21
3.82
-4.15
6.13
-9.7
1.16
-2.27
9.73
9.06
7.96
-3.34
0.15
-9.17
-5.2
-9.67
4.24
-7.68
6.63
4.18
-7.06
9.87
-0.7
-9.99
-5.42
-8.42
-9.24
7.26
1.28
4.25
-1.93
9.04
-4.8
-0.12
1.67
8.72
0.09
-1.96
-5.68
8.97
-5.93
-4.94
-8.46
-9.99
8.04
-8.93
-9.5
2.75
-2.17
6.88
2.38
6.32
5.9
5.6
-4.87
-3.4
7.18
2.12
7.49
-3.14
3.74
-8.12
-3.01
-6.92
-9.58
-0.52
4.92
-6.92
-2.24
-7.88
3.55
4.78
-1.75
-9.59
-3.9
-8.39
9.79
8.38
1.48
8.27
-7.31
7.44
2.17
7.31
0.18
-9.38
5.33
2.71
-6.7
-5.04
7.63
1.81
-6.95
5.56
6.29
9.13
-3.39
-0.64
6.63
6.46
-1.76
-7.39
5.89
4.28
8.79
9.39
-7.43
-6.67
3.28
8.97
-7.23
-3.31
0.8
3.75
-3.4
9.62
7.61
-0.02
2.96
-6.83
3.87
7.09
-0.48
3.44
-0.78
7.59
9.18
-8.57
-6.19
-9.69
8.52
1.09
6.67
-5.91
0.85
-8.03
5.36
-9.33
8.12
5.85
3.9
-7.59
7.59
4.26
-3.93
7.54
2.54
6.28
5.43
-9.18
-1.25
-5.1
-0.16
5.44
2.54
-0.58
-3.14
6.17
-1.98
-9.97
0.36
0.09
7.11
-4.49
-6.77
-0.06
1.1
-2.0
0.92
5.83
7.78
-5.55
-3.38
-0.09
2.83
-7.49
-2.1
3.72
9.99
1.24
-8.18
-0.58
8.39
-7.26
-5.98
-3.81
-8.7
-2.62
-1.88
6.3
-6.37
5.1
5.53
6.23
-8.4
-7.79
5.72
-0.81
0.08
8.67
3.59
8.29
3.05
6.95
4.53
-3.71
-9.89
-0.79
-5.38
5.74
-5.97
-5.1
9.42
-3.21
3.99
4.3
-9.59
-8.65
7.58
-2.39
-7.94
-5.35
7.35
1.47
-4.64
7.19
6.31
6.44
2.05
6.49
0.92
-8.91
5.16
2.79
8.51
9.36
-1.7
1.87
9.48
-5.96
-0.7
6.65
-9.02
5.7
1.25
5.29
-7.69
9.24
-6.83
1.33
-2.17
3.26
-2.52
-1.08
-9.24
5.01
8.92
1.9
-5.05
8.4
-8.46
-1.2
-0.41
-2.78
-0.95
6.44
3.43
3.7
0.92
1.96
-2.72
7.09
5.1
-6.73
-3.73
-6.54
-8.96
0.89
6.17
-6.48
-3.48
-6.71
-5.57
6.03
-4.88
5.52
3.56
-7.15
2.33
2.63
-6.7
4.56
1.49
8.2
0.12
0.45
-6.05
5.7
-5.49
-8.91
3.5
7.53
-6.78
0.74
5.42
-7.47
5.56
7.8
-7.55
9.73
-5.38
-7.52
6.75
6.92
2.39
8.28
-4.76
0.16
1.37
-3.83
-4.81
-9.58
1.96
-2.44
-5.35
8.11
0.92
-9.39
9.91
-6.68
4.11
-8.9
7.75
1.63
9.26
0.23
-6.49
-9.59
-6.16
0.68
6.32
-9.96
9.08
3.15
-1.38
0.7
0.92
5.73
7.18
-5.58
8.61
-4.88
9.86
1.71
-8.75
7.15
-4.21
3.07
0.79
-6.17
9.66
-1.51
2.26
-5.27
-1.96
-0.53
7.79
-0.54
-6.91
3.39
-4.5
6.21
5.03
-4.81
6.86
6.41
-7.14
8.72
-0.39
-3.35
7.29
7.59
-8.37
-0.08
-1.24
-4.2
7.81
5.84
4.23
0.13
-9.52
-1.54
-4.16
-2.18
-4.0
2.42
6.31
3.07
-8.83
9.86
-2.95
-9.06
0.7
-5.72
0.86
1.86
3.05
0.7
7.27
9.74
9.76
0.69
3.48
7.44
-9.94
-8.27
-9.04
8.29
1.48
8.1
-8.8
9.02
9.5
9.84
-3.72
-2.16
0.44
4.31
-3.33
3.94
-1.75
6.48
-7.88
-5.07
-5.18
3.92
-5.59
-6.67
2.87
7.59
-6.39
1.99
7.18
-9.85
-1.33
7.49
-1.77
-2.56
-7.57
-5.82
2.79
-4.55
-9.85
9.32
-4.14
-9.83
-2.81
3.45
3.8
-5.89
-9.27
0.37
-1.56
-0.96
-3.86
5.22
-9.38
7.59
0.9
3.08
3.21
7.74
3.25
5.87
-2.98
-2.4
-9.15
-0.29
1.69
0.7
-7.84
-1.97
7.19
-8.73
5.61
-7.86
-4.98
9.59
-3.37
-6.58
4.01
7.27
3.92
2.04
-2.92
9.33
1.86
-5.85
-3.43
-3.34
6.73
2.84
7.5
-9.61
2.7
7.62
4.42
-7.1
6.12
2.45
-1.8
7.1
-8.55
1.85
-5.56
2.8
7.57
-1.62
1.95
6.7
0.95
-7.63
-6.77
-7.02
0.55
-6.36
7.49
0.05
7.3
4.69
8.14
-4.39
-5.18
8.37
0.32
6.39
-5.61
-0.27
5.0
6.01
-2.28
-8.47
-4.33
-0.24
-0.11
-0.77
0.39
-6.66
8.79
1.13
7.14
-8.16
2.32
4.01
4.15
-9.44
0.0
-0.79
9.87
-2.8
1.16
1.19
-0.55
2.55
5.99
9.94
-6.86
-1.92
1.91
9.96
-9.68
-0.81
-6.01
9.44
1.54
-0.44
4.64
0.55
-9.28
-7.78
-6.06
-2.94
-3.31
-9.97
-8.6
1.47
0.29
-9.95
3.34
-8.56
2.78
-2.56
-0.12
-0.97
5.35
-7.66
3.66
3.36
6.84
1.47
4.02
-4.04
-2.84
6.64
6.95
-3.82
3.03
-1.01
-7.82
-6.02
0.3
-6.8
-3.13
-7.67
2.52
5.58
0.6
8.51
2.12
-6.9
-6.63
8.89
6.11
-3.89
8.91
-8.81
4.11
9.2
-9.51
1.38
-0.49
9.04
-4.84
-3.53
7.31
9.81
2.68
-5.54
6.88
-2.85
5.02
0.87
-3.42
-7.9
-5.15
-6.0
-9.43
-9.41
-7.49
3.76
4.66
-4.67
-4.31
4.08
2.05
-9.04
-9.49
-9.97
0.74
-4.69
4.9
0.84
-0.01
-4.13
1.2
-3.88
-7.99
8.44
0.63
9.79
-5.73
-2.01
4.31
-3.69
-9.32
8.64
-6.42
3.25
-9.66
-2.77
-4.86
7.66
6.5
0.63
-2.6
2.0
4.25
-6.51
-9.93
-6.65
5.16
-6.12
-8.27
-4.06
-3.62
-7.79
7.84
-5.11
6.89
-5.5
9.96
-3.88
-7.13
-7.58
-3.48
-8.99
5.67
-8.27
5.9
8.58
6.69
-1.19
-7.96
6.62
8.84
7.22
-7.07
-0.79
-4.76
2.17
0.21
2.79
5.39
-5.53
-7.38
9.31
6.88
3.64
-5.05
6.13
-9.83
-0.23
4.44
-6.13
-2.53
9.56
-9.98
-2.21
5.01
-1.71
4.85
-9.34
-5.49
1.06
-6.8
8.31
5.62
8.55
4.39
1.43
-9.89
5.73
-0.0
-2.32
-9.32
-3.18
-9.28
4.86
2.53
-5.79
-0.64
2.58
5.19
8.54
7.38
4.01
-3.21
8.45
-9.14
-0.85
3.17
4.83
-8.61
4.35
7.97
2.48
-0.28
3.86
4.76
6.79
-2.59
9.55
7.04
8.02
-2.77
-6.88
-8.97
1.96
8.82
7.93
8.85
-2.67
6.23
-8.64
0.65
-8.01
8.55
-6.65
-3.19
-2.1
-7.56
0.31
-2.39
5.74
-9.59
9.01
-6.85
1.57
-9.01
-2.69
0.45
0.58
-3.26
4.41
3.5
2.07
-9.55
8.2
3.7
-9.69
-3.65
7.36
-7.85
-8.34
-0.06
8.98
-5.82
5.72
-8.25
-2.43
1.09
-3.33
0.56
-0.29
3.65
9.94
7.71
3.21
4.66
6.92
-2.51
-1.07
7.49
3.28
5.59
-8.57
0.6
0.36
7.37
9.51
9.76
2.68
-1.93
1.82
8.86
3.17
-0.36
7.26
0.99
0.45
6.39
9.98
-5.33
-0.73
-5.31
8.76
5.91
-1.49
-4.29
8.46
8.47
-5.34
-9.31
-9.14
-9.21
-3.68
-1.67
-3.33
6.71
-8.71
3.43
-4.71
-1.93
-5.54
5.39
-6.75
-1.26
-9.46
-5.76
-5.07
0.15
-1.99
0.19
0.18
-8.03
6.02
-9.45
-3.39
-2.42
2.44
-3.63
-5.53
-2.52
3.54
8.64
-8.56
-1.6
8.37
-8.03
7.96
-5.36
5.66
0.44
2.79
2.67
-3.83
2.52
9.07
7.29
-6.3
-6.52
2.47
-4.4
-6.71
3.74
2.48
5.2
-3.0
-2.11
6.44
-1.1
4.54
-4.17
0.38
1.42
3.82
7.0
2.21
-4.18
6.91
-4.32
2.14
7.23
-7.05
-1.12
-5.53
9.26
2.92
-7.27
-4.91
0.86
-5.32
8.35
-0.21
8.67
6.44
-9.66
-5.29
-5.06
7.43
-9.28
-0.84
8.22
-0.43
-3.71
-7.96
-4.29
4.71
-3.74
-9.91
3.16
-7.18
-3.64
5.51
-6.65
3.12
-4.65
-3.51
9.79
3.96
0.4
5.06
-9.25
3.0
-3.12
4.21
4.35
9.56
-6.39
4.26
-2.38
4.37
-9.26
-5.33
8.42
0.31
-4.55
6.32
3.05
-5.11
9.93
4.3
-3.16
-3.78
-5.84
-7.45
-6.95
8.6
-6.78
2.0
-3.07
-3.34
-3.17
7.57
-8.8
3.7
1.91
0.91
-3.85
-6.38
-0.69
3.52
-0.35
5.37
3.38
-8.55
-6.46
0.31
-4.67
-5.32
-8.56
-4.42
-2.16
4.89
-3.06
8.49
-8.63
-7.72
-5.35
-7.51
8.38
-8.41
-7.52
0.99
-5.77
3.69
-2.47
-0.68
2.64
-9.53
-4.42
-7.58
-2.81
8.13
-8.27
-9.23
-2.56
0.66
-0.38
-9.27
9.06
-6.74
1.38
-3.4
-4.63
5.21
-5.17
6.72
0.04
-2.98
3.0
2.63
-3.97
0.79
-9.61
-1.39
-7.46
-9.0
-6.03
-7.02
-5.14
-7.53
-8.09
-8.36
-5.59
9.07
-8.91
4.68
-1.88
-4.64
-0.69
-0.06
5.82
-0.37
-1.82
-6.69
0.6
-2.93
-4.47
-6.41
-1.5
9.42
2.17
4.54
5.94
4.93
2.3
-9.13
5.56
-8.81
-6.17
-8.39
-6.39
4.21
4.21
7.53
3.13
-0.95
9.53
-7.95
-2.4
6.3
-7.03
-0.44
-8.76
-4.81
3.32
2.99
7.4
5.7
8.05
-9.4
-2.66
7.21
9.43
-2.47
5.52
-9.63
-2.49
-2.45
-8.7
3.99
-2.67
-0.99
4.96
-2.34
2.86
-7.16
8.86
-3.26
9.39
-6.43
8.06
9.41
-7.85
-5.96
-4.23
0.52
7.91
9.04
0.04
6.68
6.28
6.28
-0.78
0.39
5.49
-2.22
-9.25
0.89
-4.28
-8.5
-5.83
-9.16
5.94
9.21
4.76
-0.16
-6.79
0.11
-5.09
-2.46
-1.73
-4.55
7.2
1.78
8.22
-7.48
-7.4
-2.45
9.44
-7.41
-1.81
8.98
-0.69
-1.81
9.34
-1.31
-6.91
-5.63
-4.42
3.34
-9.3
7.31
-4.68
-5.0
-4.47
6.12
8.84
3.79
-3.88
-7.31
-5.68
6.61
2.02
6.92
-2.96
-8.81
-6.77
-1.19
-6.58
5.84
-7.25
-8.84
1.17
3.28
7.76
6.68
9.02
4.22
-2.12
-6.65
5.91
-9.32
-2.22
-6.36
4.25
8.59
2.21
-3.44
8.31
-5.92
0.43
-1.44
3.59
-9.65
6.42
-4.99
0.93
0.89
4.8
8.82
-8.82
6.92
-3.96
0.38
5.27
-8.09
-3.84
-6.32
5.09
-7.19
8.23
-7.85
-7.66
-6.42
-4.63
2.33
4.01
1.25
2.26
-3.6
-6.91
-1.95
0.75
7.58
8.2
-2.97
9.14
-7.0
-0.62
-8.68
-0.6
-5.86
2.66
-5.24
-9.26
-8.65
4.44
4.16
-4.33
5.96
-6.18
2.46
-0.57
-8.86
2.31
-6.72
1.64
1.3
9.9
8.31
-6.57
-3.3
0.82
4.0
-1.56
7.19
-8.23
-1.08
-7.26
3.31
3.02
-1.75
2.48
3.0
0.29
1.46
5.34
-1.62
-4.01
9.52
-2.66
4.15
9.63
-9.55
7.59
-8.72
-8.12
7.93
8.52
9.09
6.28
9.48
-6.73
-6.44
-2.43
9.56
-9.18
-0.84
0.47
-4.72
5.09
3.37
7.69
-3.98
9.43
-5.81
5.29
-0.8
6.17
-4.01
7.38
-0.05
-1.81
-6.29
3.97
-4.18
-5.78
5.8
-7.28
-9.21
-5.67
-6.44
-7.01
-2.8
9.63
4.58
-2.26
7.68
0.26
1.54
6.36
1.0
-9.97
-7.12
2.74
-1.54
-2.96
-8.35
-8.44
1.3
3.08
-1.8
7.28
-0.46
-3.63
-5.77
2.47
3.09
9.98
6.67
3.3
-5.03
-9.32
9.55
3.37
7.61
-4.82
-2.61
-6.27
-9.52
5.2
1.55
7.59
2.39
0.97
-6.69
4.16
-6.83
9.33
3.33
-4.28
-4.8
-7.85
-1.39
-8.82
-1.14
-0.58
5.25
6.95
-1.3
3.12
-8.53
-7.81
-3.61
-4.04
6.85
-9.06
-7.48
4.98
-2.65
1.92
7.51
-4.53
-2.7
6.91
-0.76
1.61
9.49
-1.75
-8.78
8.41
-0.29
5.6
-0.29
8.6
6.0
5.71
-3.91
0.52
6.05
-8.84
-9.76
2.53
-7.16
6.9
9.96
8.77
-8.38
-8.38
9.66
-5.63
-2.21
7.08
9.85
-2.5
9.78
-8.64
0.43
-4.21
1.2
2.75
7.57
-8.22
5.24
4.49
-6.2
-3.55
-5.97
5.39
0.27
3.13
-3.05
-0.7
3.63
2.39
-7.08
-5.61
8.51
-4.23
1.7
8.58
-3.98
4.7
2.89
2.6
1.3
-5.27
5.23
8.06
-1.18
-9.25
6.92
8.71
-4.51
-1.74
-5.4
7.81
-4.38
-4.46
9.94
-8.26
1.08
-0.08
-6.0
4.69
6.52
4.59
-7.36
-2.26
7.28
4.5
-2.64
-2.43
1.85
3.99
5.41
4.76
5.31
-9.66
-5.56
-0.28
3.15
1.0
-4.33
1.08
6.67
5.72
6.54
-8.89
9.22
7.35
-2.91
-7.66
1.35
6.17
-9.21
-5.92
-6.32
-7.97
2.44
3.47
1.42
-8.21
1.29
-5.75
1.12
-0.53
1.69
7.33
5.44
8.52
-8.76
-1.18
-0.2
8.54
5.72
7.6
-6.34
5.94
-7.61
7.49
-2.16
-0.14
8.06
5.75
-8.33
7.66
-6.79
-2.86
4.65
2.98
-5.35
-6.25
2.58
1.17
6.87
-2.69
-7.19
2.56
-6.67
3.6
-3.23
7.47
-5.76
-3.5
2.9
1.31
-5.87
-1.62
7.11
-3.95
-4.32
5.81
-7.14
3.51
-2.63
-8.05
0.37
1.25
8.56
3.78
0.93
8.31
-3.15
-6.46
-4.15
1.75
-7.91
-3.25
8.37
9.82
-3.12
-8.98
9.43
-0.45
1.52
7.44
-5.59
9.92
3.74
0.92
-5.59
9.37
7.15
-5.39
-5.15
7.36
7.68
9.37
8.4
2.11
1.97
4.99
-8.04
9.18
-0.21
-8.81
-2.9
-6.82
-5.55
2.32
-1.44
-9.11
8.51
-5.84
-0.39
-8.6
8.65
-6.93
1.52
2.61
-0.2
8.16
-7.82
-0.64
-3.69
-3.59
7.5
0.85
4.78
2.56
1.08
-0.42
1.55
-6.62
5.27
-8.12
1.26
6.24
-1.19
-1.36
-3.59
0.05
0.76
5.39
8.75
-4.73
4.45
9.52
3.57
2.28
4.9
-7.15
-1.48
1.92
-2.05
0.44
2.09
9.26
5.04
4.27
-1.32
2.2
6.44
-4.26
8.08
6.79
-3.97
4.53
4.58
-5.39
4.0
-6.07
8.1
-7.72
-2.77
8.49
2.38
-8.26
-7.59
6.82
6.31
9.58
5.28
7.2
8.54
-6.52
7.11
-0.17
8.81
3.56
8.99
1.21
0.7
-6.69
1.99
1.66
2.34
9.09
-9.15
-6.33
-5.14
-0.33
-6.69
-3.04
-7.82
5.16
-8.87
0.55
-9.79
-7.75
4.38
2.48
-9.92
-6.16
-8.37
4.7
-6.95
2.22
5.8
-1.8
2.2
-8.83
-2.78
-1.24
-8.45
8.62
-7.89
-8.36
1.14
-5.62
3.56
-5.08
-6.73
3.32
9.3
8.44
-4.14
-5.51
-4.31
7.44
0.71
-1.39
-3.42
6.4
-1.36
2.32
0.37
-3.12
3.68
5.31
0.76
-5.7
-2.56
2.27
2.01
0.56
-3.78
-1.31
-0.6
-2.6
-0.72
-3.15
5.94
-5.42
-2.15
-5.93
5.85
-2.05
6.76
-4.19
6.84
5.41
4.31
5.39
2.73
-1.1
-3.14
6.15
3.02
-3.19
-6.18
6.57
-6.89
-2.33
8.52
3.57
-1.9
-1.82
0.49
-4.52
7.02
-2.12
6.64
1.96
1.21
2.28
-7.47
-9.26
8.12
-3.61
7.27
-2.36
9.22
9.95
-5.01
8.6
7.37
6.53
-6.41
9.41
-1.31
8.07
-4.32
-3.34
-8.91
1.94
-8.12
-7.47
-7.4
6.33
-8.51
3.7
-2.77
9.03
8.39
-2.44
-9.64
-8.74
-9.18
-4.93
4.62
6.74
3.97
7.72
-7.71
-8.13
-1.49
-0.66
4.49
0.2
8.97
-7.68
8.84
-8.61
8.51
5.5
-2.84
0.49
7.83
1.65
-9.93
-9.19
-3.83
2.35
-3.76
-3.87
-3.79
7.69
8.75
-0.11
5.65
8.4
4.43
5.57
-9.09
5.81
3.51
8.9
8.77
-3.92
9.15
-4.99
-4.48
-2.89
9.52
-0.49
-2.36
3.64
4.26
-6.53
-5.85
-1.55
2.72
-5.42
-5.66
5.84
-3.03
3.73
-4.25
9.44
6.54
-2.95
7.43
0.89
-8.82
4.73
-1.93
8.55
-3.74
0.53
5.89
9.31
1.59
-6.62
7.07
-1.92
3.87
-4.25
3.23
-3.94
-8.88
-5.66
0.5
-0.88
1.64
-7.11
2.53
-4.68
-3.96
-0.96
1.39
-8.43
-8.31
2.51
6.44
-7.22
-5.09
-7.44
4.93
0.44
3.99
-2.99
-4.22
-6.43
2.76
-3.93
-2.24
-0.48
-0.34
0.12
-0.24
-9.99
-5.06
1.87
1.36
1.55
-6.66
7.11
5.86
-3.2
3.43
-1.97
-8.53
-3.06
-8.33
4.01
-0.77
-1.24
-7.71
-4.22
8.37
-6.7
-0.21
7.09
-5.6
-6.1
1.21
9.15
-5.83
-2.48
-0.63
9.63
-2.78
-4.23
1.91
-4.57
1.58
0.87
-3.09
-8.75
-6.98
5.18
-4.73
-8.94
-3.38
-1.15
5.07
-5.19
-8.05
0.3
6.03
-8.15
-0.93
-1.27
-6.54
9.02
1.46
5.53
7.68
6.26
-2.37
-1.49
-6.79
4.79
-2.91
7.25
-3.61
1.72
7.7
0.82
-8.43
-3.26
0.46
-3.99
-3.36
-3.91
-6.55
-5.45
-2.05
-9.24
1.32
-5.05
-3.35
-8.96
-6.76
3.85
-9.28
7.74
-5.64
9.97
-6.45
9.6
-3.06
-5.04
6.13
2.75
9.22
8.02
4.07
-4.37
7.6
-4.39
-8.88
-5.99
-5.23
6.87
-3.75
-3.21
-6.99
8.29
-2.68
-4.69
0.2
0.92
-1.02
4.75
-6.96
-8.31
5.32
8.2
5.94
-8.57
5.96
2.94
-7.67
-1.53
-0.13
4.83
-6.08
-8.45
-5.09
-7.82
-6.29
-8.91
1.37
2.36
8.56
-1.07
6.54
7.79
-3.33
-4.9
2.51
2.4
-7.28
2.75
-5.41
-1.35
3.3
9.4
-8.32
-1.83
-0.06
3.63
-2.59
8.61
2.25
-5.35
-2.2
9.37
-2.49
-0.52
9.37
0.83
1.33
2.56
-2.9
-6.22
-3.79
8.65
0.25
9.92
-8.22
4.28
-8.34
5.29
8.31
-2.67
2.15
5.78
3.95
1.42
-9.22
-9.25
-3.55
8.81
-4.8
-5.91
-4.92
1.11
3.59
-6.41
6.52
-6.19
-4.75
-7.53
-0.38
6.67
-6.66
-2.79
2.34
8.04
0.03
9.4
0.53
-8.56
-9.08
7.01
-0.52
7.09
-8.35
0.21
-1.68
-0.95
-1.45
-8.3
5.27
0.19
-9.03
-6.44
-7.63
-9.36
-8.66
2.81
-5.73
-7.8
-6.82
9.42
-7.42
-9.44
-2.04
4.67
-9.42
-1.05
-8.5
7.99
-2.42
-5.29
-1.18
-8.49
8.88
2.43
5.39
5.7
6.84
-4.96
-8.33
-1.75
9.88
-8.06
6.84
-1.33
5.87
9.42
-1.95
-9.49
5.57
-4.04
-9.15
4.19
7.35
7.57
6.14
-1.26
-4.73
0.57
-0.82
-6.15
6.13
-5.28
-5.8
3.16
3.65
6.84
6.9
3.03
2.75
7.27
0.73
-5.75
-8.11
-1.35
-6.29
-8.25
6.79
9.46
9.98
2.21
6.15
2.68
-9.98
3.93
-8.79
-9.67
-1.8
-7.35
2.37
-8.07
4.83
-8.77
7.15
-4.78
1.16
-5.27
7.9
5.23
6.65
4.54
-6.59
-6.82
-2.86
7.67
1.18
9.66
9.91
1.6
-0.64
6.2
9.52
2.83
2.75
5.37
7.79
2.03
-7.84
8.68
7.18
2.79
-8.5
-1.73
-6.08
3.66
-3.18
0.38
-9.4
-8.93
-8.68
1.49
8.52
-4.62
-0.2
1.63
8.13
7.75
3.08
5.59
9.4
1.32
-6.08
-1.23
-6.18
-6.13
2.96
-9.72
-7.41
-6.14
5.57
1.86
8.05
1.12
1.23
-8.57
-1.25
-2.97
4.64
-8.07
-1.25
8.2
-9.47
4.62
3.99
-9.81
1.76
6.56
-3.13
-5.34
-5.49
9.24
5.86
-9.5
-6.13
0.01
6.84
0.53
9.62
4.16
-3.06
2.35
6.37
-3.74
2.41
-8.28
-9.33
3.04
4.86
-4.98
-0.1
-9.45
7.23
-1.55
8.9
4.95
-5.88
8.12
-2.28
-0.49
-3.51
-6.38
9.46
-4.07
-5.21
-7.16
4.74
4.41
-1.99
0.19
6.07
-4.37
9.63
6.31
-2.65
-3.25
-1.65
0.87
-9.73
4.34
-3.14
9.69
-0.96
-2.89
5.24
2.49
0.05
9.37
3.6
8.24
-4.92
9.6
-2.06
9.02
-5.41
-2.35
-4.93
-4.34
-1.11
-0.97
-9.74
4.56
9.64
-3.39
-8.63
7.28
7.21
-1.14
-6.43
0.21
8.17
0.8
-7.99
-4.41
9.59
6.14
8.57
-5.72
-1.44
8.61
-3.85
9.82
5.93
1.84
-7.94
0.9
-4.96
-4.32
-2.19
3.47
-9.22
-7.88
5.78
-4.4
1.78
5.92
2.27
9.74
-8.07
-9.19
3.88
9.27
-1.78
7.06
3.06
0.38
-8.47
5.47
6.47
6.44
-5.04
3.19
-3.7
-4.45
-3.37
2.16
2.25
9.56
-2.48
-6.47
3.58
4.17
5.88
7.11
4.43
-2.06
9.01
-8.3
-6.83
-9.86
-6.41
-4.69
-9.77
-4.29
-5.76
1.11
2.55
-5.58
2.4
-6.95
-4.86
-5.83
1.66
-0.78
-3.09
7.62
-9.27
4.6
-9.04
-8.9
-3.18
-2.32
-0.07
-3.35
-2.27
0.15
0.47
6.36
0.28
-6.2
-1.79
-8.73
8.46
-0.2
9.79
6.47
8.49
7.05
-9.4
2.81
7.41
1.32
-1.75
3.64
7.41
9.5
0.74
-5.43
1.44
-1.01
6.05
3.78
8.34
0.13
-8.39
2.98
0.95
-0.04
-2.34
8.34
5.42
-1.08
-4.54
-3.7
3.6
5.76
-1.62
8.12
2.43
-2.88
-0.92
-1.9
-2.22
-9.89
-2.1
2.68
-8.91
0.03
-3.35
4.29
-3.68
0.44
-4.24
-9.69
6.96
0.69
-6.0
-6.56
-8.23
-5.34
-4.48
1.23
0.57
-6.74
-1.66
7.11
-7.58
-4.07
2.03
-1.45
3.11
-5.54
0.51
-0.31
-9.99
-1.64
2.56
2.38
-7.45
4.83
-9.29
-2.56
6.46
-1.86
-0.44
0.46
-9.66
-4.43
-5.95
7.45
-2.92
-0.89
2.91
-1.5
-2.04
7.86
-6.59
-6.07
-0.87
9.27
3.91
-5.39
-2.48
6.26
-3.53
7.09
7.11
-0.58
-6.91
1.12
0.06
-7.17
0.78
2.51
-5.85
0.08
-3.84
-1.65
4.22
-8.03
0.73
6.97
-3.38
-3.13
8.92
5.56
-4.88
0.12
-9.36
-4.33
8.78
2.29
-2.64
9.46
8.94
0.58
-2.56
5.27
-2.43
9.64
-8.14
3.1
5.05
3.49
0.91
5.28
-6.09
-5.01
4.56
0.12
-8.42
-6.6
2.76
2.09
8.52
-8.07
7.71
-4.52
-1.95
-6.94
-2.52
-6.58
3.91
2.9
-5.41
-5.78
4.68
-4.38
-5.93
-9.31
-4.95
5.37
-2.99
6.3
4.13
-0.77
-4.73
-7.8
-2.8
4.46
3.11
-8.18
-7.77
7.4
7.2
-2.94
0.37
7.85
-8.9
-1.86
4.85
-6.64
1.83
4.81
3.95
-2.69
-3.12
6.56
9.95
5.86
-4.75
9.58
-9.37
-1.22
9.26
-3.13
1.19
3.59
4.78
8.96
-6.16
8.64
-6.97
-1.8
5.32
2.81
-4.17
-3.18
-4.98
2.18
-8.07
0.44
9.6
4.16
-0.78
8.36
-5.81
4.29
-5.55
-2.11
-0.16
9.33
4.94
6.43
2.48
9.24
-9.41
-1.82
-4.29
6.67
9.4
-6.13
-9.76
-4.92
9.96
3.63
-3.69
0.57
4.22
-3.36
-2.06
-9.38
-3.56
5.96
9.87
3.61
-3.62
2.93
-2.02
